0.00 50.00 1.00 100.00
0.00 50.00 25.00 100.00
0.00 50.00 49.00 100.00
1.00 50.00 9.00 100.00
1.00 50.00 17.00 100.00
1.00 50.00 31.00 100.00
1.00 50.00 37.00 100.00
1.00 50.00 43.00 100.00
2.00 1.00 25.00 50.00
2.00 50.00 25.00 50.00
2.00 99.00 25.00 50.00
3.00 9.17 5.25 6.50
3.00 20.06 5.25 6.50
3.00 30.94 5.25 6.50
3.00 39.11 5.25 6.50
3.00 44.56 5.25 6.50
3.00 60.32 5.25 6.50
3.00 70.63 5.25 6.50
3.00 80.95 5.25 6.50
3.00 91.26 5.25 6.50
3.00 12.53 13.00 7.00
3.00 21.18 13.00 7.00
3.00 32.71 13.00 7.00
3.00 41.35 13.00 7.00
3.00 60.50 13.00 7.00
3.00 67.50 13.00 7.00
3.00 81.50 13.00 7.00
3.00 92.00 13.00 7.00
3.00 9.65 20.75 6.50
3.00 15.41 20.75 6.50
3.00 26.94 20.75 6.50
3.00 38.47 20.75 6.50
3.00 59.33 20.75 6.50
3.00 68.67 20.75 6.50
3.00 73.33 20.75 6.50
3.00 80.33 20.75 6.50
3.00 89.67 20.75 6.50
3.00 10.80 28.25 4.50
3.00 20.60 28.25 4.50
3.00 35.30 28.25 4.50
3.00 59.19 28.25 4.50
3.00 68.38 28.25 4.50
3.00 77.56 28.25 4.50
3.00 86.75 28.25 4.50
3.00 92.88 28.25 4.50
3.00 12.53 34.00 5.00
3.00 24.06 34.00 5.00
3.00 29.82 34.00 5.00
3.00 41.35 34.00 5.00
3.00 67.82 34.00 5.00
3.00 76.73 34.00 5.00
3.00 90.09 34.00 5.00
3.00 12.31 40.00 5.00
3.00 19.85 40.00 5.00
3.00 27.38 40.00 5.00
3.00 34.92 40.00 5.00
3.00 58.65 40.00 5.00
3.00 67.29 40.00 5.00
3.00 78.82 40.00 5.00
3.00 90.35 40.00 5.00
3.00 10.19 45.75 4.50
3.00 19.38 45.75 4.50
3.00 31.62 45.75 4.50
3.00 40.81 45.75 4.50
3.00 55.16 45.75 4.50
3.00 65.47 45.75 4.50
3.00 70.63 45.75 4.50
3.00 80.95 45.75 4.50
3.00 88.68 45.75 4.50
