1.00 0.00 4.41 7.95 1.10 1.00
1.00 0.00 6.26 7.95 1.10 1.00
1.00 2.00 8.12 4.35 1.10 1.00
1.00 2.00 8.12 6.15 1.10 1.00
1.00 0.00 4.41 2.55 1.10 1.00
1.00 0.00 6.26 2.55 1.10 1.00
1.00 2.00 2.55 4.35 1.10 1.00
1.00 2.00 2.55 6.15 1.10 1.00
1.00 0.00 12.41 7.95 1.10 1.00
1.00 0.00 14.61 7.95 1.10 1.00
1.00 0.00 16.81 7.95 1.10 1.00
1.00 2.00 19.01 4.35 1.10 1.00
1.00 2.00 19.01 6.15 1.10 1.00
1.00 0.00 12.41 2.55 1.10 1.00
1.00 0.00 14.61 2.55 1.10 1.00
1.00 0.00 16.81 2.55 1.10 1.00
1.00 2.00 10.22 4.35 1.10 1.00
1.00 2.00 10.22 6.15 1.10 1.00
1.00 0.00 23.30 7.95 1.10 1.00
1.00 0.00 25.50 7.95 1.10 1.00
1.00 0.00 27.70 7.95 1.10 1.00
1.00 2.00 29.89 4.35 1.10 1.00
1.00 2.00 29.89 6.15 1.10 1.00
1.00 0.00 23.30 2.55 1.10 1.00
1.00 0.00 25.50 2.55 1.10 1.00
1.00 0.00 27.70 2.55 1.10 1.00
1.00 2.00 21.11 4.35 1.10 1.00
1.00 2.00 21.11 6.15 1.10 1.00
1.00 0.00 34.02 7.95 1.10 1.00
1.00 0.00 36.04 7.95 1.10 1.00
1.00 2.00 38.06 4.35 1.10 1.00
1.00 2.00 38.06 6.15 1.10 1.00
1.00 0.00 34.02 2.55 1.10 1.00
1.00 0.00 36.04 2.55 1.10 1.00
1.00 2.00 31.99 4.35 1.10 1.00
1.00 2.00 31.99 6.15 1.10 1.00
1.00 0.00 41.83 7.95 1.10 1.00
1.00 2.00 43.51 4.35 1.10 1.00
1.00 2.00 43.51 6.15 1.10 1.00
1.00 0.00 41.83 2.55 1.10 1.00
1.00 2.00 40.16 4.35 1.10 1.00
1.00 2.00 40.16 6.15 1.10 1.00
1.00 0.00 47.03 7.95 1.10 1.00
1.00 2.00 48.45 4.35 1.10 1.00
1.00 2.00 48.45 6.15 1.10 1.00
1.00 0.00 47.03 2.55 1.10 1.00
1.00 2.00 45.61 4.35 1.10 1.00
1.00 2.00 45.61 6.15 1.10 1.00
1.00 0.00 53.48 7.95 1.10 1.00
1.00 0.00 55.41 7.95 1.10 1.00
1.00 0.00 57.34 7.95 1.10 1.00
1.00 2.00 59.27 4.35 1.10 1.00
1.00 2.00 59.27 6.15 1.10 1.00
1.00 0.00 53.48 2.55 1.10 1.00
1.00 0.00 55.41 2.55 1.10 1.00
1.00 0.00 57.34 2.55 1.10 1.00
1.00 2.00 51.55 4.35 1.10 1.00
1.00 2.00 51.55 6.15 1.10 1.00
1.00 0.00 63.42 7.95 1.10 1.00
1.00 0.00 65.47 7.95 1.10 1.00
1.00 0.00 67.53 7.95 1.10 1.00
1.00 2.00 69.58 4.35 1.10 1.00
1.00 2.00 69.58 6.15 1.10 1.00
1.00 0.00 63.42 2.55 1.10 1.00
1.00 0.00 65.47 2.55 1.10 1.00
1.00 0.00 67.53 2.55 1.10 1.00
1.00 2.00 61.37 4.35 1.10 1.00
1.00 2.00 61.37 6.15 1.10 1.00
1.00 0.00 73.74 7.95 1.10 1.00
1.00 0.00 75.79 7.95 1.10 1.00
1.00 0.00 77.84 7.95 1.10 1.00
1.00 2.00 79.90 4.35 1.10 1.00
1.00 2.00 79.90 6.15 1.10 1.00
1.00 0.00 73.74 2.55 1.10 1.00
1.00 0.00 75.79 2.55 1.10 1.00
1.00 0.00 77.84 2.55 1.10 1.00
1.00 2.00 71.68 4.35 1.10 1.00
1.00 2.00 71.68 6.15 1.10 1.00
1.00 0.00 84.05 7.95 1.10 1.00
1.00 0.00 86.11 7.95 1.10 1.00
1.00 0.00 88.16 7.95 1.10 1.00
1.00 2.00 90.21 4.35 1.10 1.00
1.00 2.00 90.21 6.15 1.10 1.00
1.00 0.00 84.05 2.55 1.10 1.00
1.00 0.00 86.11 2.55 1.10 1.00
1.00 0.00 88.16 2.55 1.10 1.00
1.00 2.00 82.00 4.35 1.10 1.00
1.00 2.00 82.00 6.15 1.10 1.00
1.00 0.00 94.03 7.95 1.10 1.00
1.00 0.00 95.74 7.95 1.10 1.00
1.00 2.00 97.45 4.35 1.10 1.00
1.00 2.00 97.45 6.15 1.10 1.00
1.00 0.00 94.03 2.55 1.10 1.00
1.00 0.00 95.74 2.55 1.10 1.00
1.00 2.00 92.31 4.35 1.10 1.00
1.00 2.00 92.31 6.15 1.10 1.00
1.00 0.00 4.78 15.95 1.10 1.00
1.00 0.00 7.01 15.95 1.10 1.00
1.00 0.00 9.25 15.95 1.10 1.00
1.00 2.00 11.48 12.02 1.10 1.00
1.00 2.00 11.48 13.98 1.10 1.00
1.00 0.00 4.78 10.05 1.10 1.00
1.00 0.00 7.01 10.05 1.10 1.00
1.00 0.00 9.25 10.05 1.10 1.00
1.00 2.00 2.55 12.02 1.10 1.00
1.00 2.00 2.55 13.98 1.10 1.00
1.00 0.00 15.76 15.95 1.10 1.00
1.00 0.00 17.94 15.95 1.10 1.00
1.00 2.00 20.13 12.02 1.10 1.00
1.00 2.00 20.13 13.98 1.10 1.00
1.00 0.00 15.76 10.05 1.10 1.00
1.00 0.00 17.94 10.05 1.10 1.00
1.00 2.00 13.58 12.02 1.10 1.00
1.00 2.00 13.58 13.98 1.10 1.00
1.00 0.00 24.58 15.95 1.10 1.00
1.00 0.00 26.94 15.95 1.10 1.00
1.00 0.00 29.30 15.95 1.10 1.00
1.00 2.00 31.66 12.02 1.10 1.00
1.00 2.00 31.66 13.98 1.10 1.00
1.00 0.00 24.58 10.05 1.10 1.00
1.00 0.00 26.94 10.05 1.10 1.00
1.00 0.00 29.30 10.05 1.10 1.00
1.00 2.00 22.23 12.02 1.10 1.00
1.00 2.00 22.23 13.98 1.10 1.00
1.00 0.00 35.94 15.95 1.10 1.00
1.00 0.00 38.12 15.95 1.10 1.00
1.00 2.00 40.30 12.02 1.10 1.00
1.00 2.00 40.30 13.98 1.10 1.00
1.00 0.00 35.94 10.05 1.10 1.00
1.00 0.00 38.12 10.05 1.10 1.00
1.00 2.00 33.76 12.02 1.10 1.00
1.00 2.00 33.76 13.98 1.10 1.00
1.00 0.00 44.42 15.95 1.10 1.00
1.00 0.00 46.43 15.95 1.10 1.00
1.00 2.00 48.45 12.02 1.10 1.00
1.00 2.00 48.45 13.98 1.10 1.00
1.00 0.00 44.42 10.05 1.10 1.00
1.00 0.00 46.43 10.05 1.10 1.00
1.00 2.00 42.40 12.02 1.10 1.00
1.00 2.00 42.40 13.98 1.10 1.00
1.00 0.00 53.52 15.95 1.10 1.00
1.00 0.00 55.50 15.95 1.10 1.00
1.00 0.00 57.47 15.95 1.10 1.00
1.00 2.00 59.45 12.02 1.10 1.00
1.00 2.00 59.45 13.98 1.10 1.00
1.00 0.00 53.52 10.05 1.10 1.00
1.00 0.00 55.50 10.05 1.10 1.00
1.00 0.00 57.47 10.05 1.10 1.00
1.00 2.00 51.55 12.02 1.10 1.00
1.00 2.00 51.55 13.98 1.10 1.00
1.00 0.00 64.00 15.95 1.10 1.00
1.00 2.00 66.45 12.02 1.10 1.00
1.00 2.00 66.45 13.98 1.10 1.00
1.00 0.00 64.00 10.05 1.10 1.00
1.00 2.00 61.55 12.02 1.10 1.00
1.00 2.00 61.55 13.98 1.10 1.00
1.00 0.00 70.93 15.95 1.10 1.00
1.00 0.00 73.31 15.95 1.10 1.00
1.00 0.00 75.69 15.95 1.10 1.00
1.00 0.00 78.07 15.95 1.10 1.00
1.00 2.00 80.45 12.02 1.10 1.00
1.00 2.00 80.45 13.98 1.10 1.00
1.00 0.00 70.93 10.05 1.10 1.00
1.00 0.00 73.31 10.05 1.10 1.00
1.00 0.00 75.69 10.05 1.10 1.00
1.00 0.00 78.07 10.05 1.10 1.00
1.00 2.00 68.55 12.02 1.10 1.00
1.00 2.00 68.55 13.98 1.10 1.00
1.00 0.00 84.65 15.95 1.10 1.00
1.00 0.00 86.75 15.95 1.10 1.00
1.00 0.00 88.85 15.95 1.10 1.00
1.00 2.00 90.95 12.02 1.10 1.00
1.00 2.00 90.95 13.98 1.10 1.00
1.00 0.00 84.65 10.05 1.10 1.00
1.00 0.00 86.75 10.05 1.10 1.00
1.00 0.00 88.85 10.05 1.10 1.00
1.00 2.00 82.55 12.02 1.10 1.00
1.00 2.00 82.55 13.98 1.10 1.00
1.00 0.00 95.25 15.95 1.10 1.00
1.00 2.00 97.45 12.02 1.10 1.00
1.00 2.00 97.45 13.98 1.10 1.00
1.00 0.00 95.25 10.05 1.10 1.00
1.00 2.00 93.05 12.02 1.10 1.00
1.00 2.00 93.05 13.98 1.10 1.00
1.00 0.00 4.57 23.45 1.10 1.00
1.00 0.00 6.58 23.45 1.10 1.00
1.00 2.00 8.60 19.85 1.10 1.00
1.00 2.00 8.60 21.65 1.10 1.00
1.00 0.00 4.57 18.05 1.10 1.00
1.00 0.00 6.58 18.05 1.10 1.00
1.00 2.00 2.55 19.85 1.10 1.00
1.00 2.00 2.55 21.65 1.10 1.00
1.00 0.00 12.53 23.45 1.10 1.00
1.00 2.00 14.36 19.85 1.10 1.00
1.00 2.00 14.36 21.65 1.10 1.00
1.00 0.00 12.53 18.05 1.10 1.00
1.00 2.00 10.70 19.85 1.10 1.00
1.00 2.00 10.70 21.65 1.10 1.00
1.00 0.00 18.82 23.45 1.10 1.00
1.00 0.00 21.18 23.45 1.10 1.00
1.00 0.00 23.53 23.45 1.10 1.00
1.00 2.00 25.89 19.85 1.10 1.00
1.00 2.00 25.89 21.65 1.10 1.00
1.00 0.00 18.82 18.05 1.10 1.00
1.00 0.00 21.18 18.05 1.10 1.00
1.00 0.00 23.53 18.05 1.10 1.00
1.00 2.00 16.46 19.85 1.10 1.00
1.00 2.00 16.46 21.65 1.10 1.00
1.00 0.00 30.35 23.45 1.10 1.00
1.00 0.00 32.71 23.45 1.10 1.00
1.00 0.00 35.06 23.45 1.10 1.00
1.00 2.00 37.42 19.85 1.10 1.00
1.00 2.00 37.42 21.65 1.10 1.00
1.00 0.00 30.35 18.05 1.10 1.00
1.00 0.00 32.71 18.05 1.10 1.00
1.00 0.00 35.06 18.05 1.10 1.00
1.00 2.00 27.99 19.85 1.10 1.00
1.00 2.00 27.99 21.65 1.10 1.00
1.00 0.00 41.75 23.45 1.10 1.00
1.00 0.00 43.99 23.45 1.10 1.00
1.00 0.00 46.22 23.45 1.10 1.00
1.00 2.00 48.45 19.85 1.10 1.00
1.00 2.00 48.45 21.65 1.10 1.00
1.00 0.00 41.75 18.05 1.10 1.00
1.00 0.00 43.99 18.05 1.10 1.00
1.00 0.00 46.22 18.05 1.10 1.00
1.00 2.00 39.52 19.85 1.10 1.00
1.00 2.00 39.52 21.65 1.10 1.00
1.00 0.00 53.79 23.45 1.10 1.00
1.00 0.00 56.04 23.45 1.10 1.00
1.00 2.00 58.28 19.85 1.10 1.00
1.00 2.00 58.28 21.65 1.10 1.00
1.00 0.00 53.79 18.05 1.10 1.00
1.00 0.00 56.04 18.05 1.10 1.00
1.00 2.00 51.55 19.85 1.10 1.00
1.00 2.00 51.55 21.65 1.10 1.00
1.00 0.00 62.79 23.45 1.10 1.00
1.00 0.00 65.21 23.45 1.10 1.00
1.00 2.00 67.62 19.85 1.10 1.00
1.00 2.00 67.62 21.65 1.10 1.00
1.00 0.00 62.79 18.05 1.10 1.00
1.00 0.00 65.21 18.05 1.10 1.00
1.00 2.00 60.38 19.85 1.10 1.00
1.00 2.00 60.38 21.65 1.10 1.00
1.00 0.00 71.00 23.45 1.10 1.00
1.00 2.00 72.28 19.85 1.10 1.00
1.00 2.00 72.28 21.65 1.10 1.00
1.00 0.00 71.00 18.05 1.10 1.00
1.00 2.00 69.72 19.85 1.10 1.00
1.00 2.00 69.72 21.65 1.10 1.00
1.00 0.00 76.83 23.45 1.10 1.00
1.00 2.00 79.28 19.85 1.10 1.00
1.00 2.00 79.28 21.65 1.10 1.00
1.00 0.00 76.83 18.05 1.10 1.00
1.00 2.00 74.38 19.85 1.10 1.00
1.00 2.00 74.38 21.65 1.10 1.00
1.00 0.00 83.79 23.45 1.10 1.00
1.00 0.00 86.21 23.45 1.10 1.00
1.00 2.00 88.62 19.85 1.10 1.00
1.00 2.00 88.62 21.65 1.10 1.00
1.00 0.00 83.79 18.05 1.10 1.00
1.00 0.00 86.21 18.05 1.10 1.00
1.00 2.00 81.38 19.85 1.10 1.00
1.00 2.00 81.38 21.65 1.10 1.00
1.00 0.00 92.96 23.45 1.10 1.00
1.00 0.00 95.21 23.45 1.10 1.00
1.00 2.00 97.45 19.85 1.10 1.00
1.00 2.00 97.45 21.65 1.10 1.00
1.00 0.00 92.96 18.05 1.10 1.00
1.00 0.00 95.21 18.05 1.10 1.00
1.00 2.00 90.72 19.85 1.10 1.00
1.00 2.00 90.72 21.65 1.10 1.00
1.00 0.00 4.95 29.95 1.10 1.00
1.00 0.00 7.35 29.95 1.10 1.00
1.00 2.00 9.75 28.25 1.10 1.00
1.00 0.00 4.95 26.55 1.10 1.00
1.00 0.00 7.35 26.55 1.10 1.00
1.00 2.00 2.55 28.25 1.10 1.00
1.00 0.00 13.78 29.95 1.10 1.00
1.00 0.00 15.70 29.95 1.10 1.00
1.00 0.00 17.63 29.95 1.10 1.00
1.00 2.00 19.55 28.25 1.10 1.00
1.00 0.00 13.78 26.55 1.10 1.00
1.00 0.00 15.70 26.55 1.10 1.00
1.00 0.00 17.63 26.55 1.10 1.00
1.00 2.00 11.85 28.25 1.10 1.00
1.00 0.00 23.75 29.95 1.10 1.00
1.00 0.00 25.85 29.95 1.10 1.00
1.00 0.00 27.95 29.95 1.10 1.00
1.00 0.00 30.05 29.95 1.10 1.00
1.00 0.00 32.15 29.95 1.10 1.00
1.00 2.00 34.25 28.25 1.10 1.00
1.00 0.00 23.75 26.55 1.10 1.00
1.00 0.00 25.85 26.55 1.10 1.00
1.00 0.00 27.95 26.55 1.10 1.00
1.00 0.00 30.05 26.55 1.10 1.00
1.00 0.00 32.15 26.55 1.10 1.00
1.00 2.00 21.65 28.25 1.10 1.00
1.00 0.00 38.77 29.95 1.10 1.00
1.00 0.00 41.19 29.95 1.10 1.00
1.00 0.00 43.61 29.95 1.10 1.00
1.00 0.00 46.03 29.95 1.10 1.00
1.00 2.00 48.45 28.25 1.10 1.00
1.00 0.00 38.77 26.55 1.10 1.00
1.00 0.00 41.19 26.55 1.10 1.00
1.00 0.00 43.61 26.55 1.10 1.00
1.00 0.00 46.03 26.55 1.10 1.00
1.00 2.00 36.35 28.25 1.10 1.00
1.00 0.00 53.75 29.95 1.10 1.00
1.00 0.00 55.94 29.95 1.10 1.00
1.00 2.00 58.14 28.25 1.10 1.00
1.00 0.00 53.75 26.55 1.10 1.00
1.00 0.00 55.94 26.55 1.10 1.00
1.00 2.00 51.55 28.25 1.10 1.00
1.00 0.00 62.60 29.95 1.10 1.00
1.00 0.00 64.96 29.95 1.10 1.00
1.00 2.00 67.33 28.25 1.10 1.00
1.00 0.00 62.60 26.55 1.10 1.00
1.00 0.00 64.96 26.55 1.10 1.00
1.00 2.00 60.24 28.25 1.10 1.00
1.00 0.00 71.79 29.95 1.10 1.00
1.00 0.00 74.15 29.95 1.10 1.00
1.00 2.00 76.51 28.25 1.10 1.00
1.00 0.00 71.79 26.55 1.10 1.00
1.00 0.00 74.15 26.55 1.10 1.00
1.00 2.00 69.42 28.25 1.10 1.00
1.00 0.00 80.97 29.95 1.10 1.00
1.00 0.00 83.34 29.95 1.10 1.00
1.00 2.00 85.70 28.25 1.10 1.00
1.00 0.00 80.97 26.55 1.10 1.00
1.00 0.00 83.34 26.55 1.10 1.00
1.00 2.00 78.61 28.25 1.10 1.00
1.00 0.00 89.81 29.95 1.10 1.00
1.00 2.00 91.83 28.25 1.10 1.00
1.00 0.00 89.81 26.55 1.10 1.00
1.00 2.00 87.80 28.25 1.10 1.00
1.00 0.00 95.69 29.95 1.10 1.00
1.00 2.00 97.45 28.25 1.10 1.00
1.00 0.00 95.69 26.55 1.10 1.00
1.00 2.00 93.92 28.25 1.10 1.00
1.00 0.00 4.78 35.95 1.10 1.00
1.00 0.00 7.01 35.95 1.10 1.00
1.00 0.00 9.25 35.95 1.10 1.00
1.00 2.00 11.48 34.00 1.10 1.00
1.00 0.00 4.78 32.05 1.10 1.00
1.00 0.00 7.01 32.05 1.10 1.00
1.00 0.00 9.25 32.05 1.10 1.00
1.00 2.00 2.55 34.00 1.10 1.00
1.00 0.00 15.94 35.95 1.10 1.00
1.00 0.00 18.29 35.95 1.10 1.00
1.00 0.00 20.65 35.95 1.10 1.00
1.00 2.00 23.01 34.00 1.10 1.00
1.00 0.00 15.94 32.05 1.10 1.00
1.00 0.00 18.29 32.05 1.10 1.00
1.00 0.00 20.65 32.05 1.10 1.00
1.00 2.00 13.58 34.00 1.10 1.00
1.00 0.00 26.94 35.95 1.10 1.00
1.00 2.00 28.77 34.00 1.10 1.00
1.00 0.00 26.94 32.05 1.10 1.00
1.00 2.00 25.11 34.00 1.10 1.00
1.00 0.00 33.23 35.95 1.10 1.00
1.00 0.00 35.59 35.95 1.10 1.00
1.00 0.00 37.95 35.95 1.10 1.00
1.00 2.00 40.30 34.00 1.10 1.00
1.00 0.00 33.23 32.05 1.10 1.00
1.00 0.00 35.59 32.05 1.10 1.00
1.00 0.00 37.95 32.05 1.10 1.00
1.00 2.00 30.87 34.00 1.10 1.00
1.00 0.00 44.42 35.95 1.10 1.00
1.00 0.00 46.43 35.95 1.10 1.00
1.00 2.00 48.45 34.00 1.10 1.00
1.00 0.00 44.42 32.05 1.10 1.00
1.00 0.00 46.43 32.05 1.10 1.00
1.00 2.00 42.40 34.00 1.10 1.00
1.00 0.00 53.72 35.95 1.10 1.00
1.00 0.00 55.90 35.95 1.10 1.00
1.00 0.00 58.07 35.95 1.10 1.00
1.00 0.00 60.25 35.95 1.10 1.00
1.00 0.00 62.42 35.95 1.10 1.00
1.00 0.00 64.59 35.95 1.10 1.00
1.00 2.00 66.77 34.00 1.10 1.00
1.00 0.00 53.72 32.05 1.10 1.00
1.00 0.00 55.90 32.05 1.10 1.00
1.00 0.00 58.07 32.05 1.10 1.00
1.00 0.00 60.25 32.05 1.10 1.00
1.00 0.00 62.42 32.05 1.10 1.00
1.00 0.00 64.59 32.05 1.10 1.00
1.00 2.00 51.55 34.00 1.10 1.00
1.00 0.00 71.14 35.95 1.10 1.00
1.00 0.00 73.41 35.95 1.10 1.00
1.00 2.00 75.68 34.00 1.10 1.00
1.00 0.00 71.14 32.05 1.10 1.00
1.00 0.00 73.41 32.05 1.10 1.00
1.00 2.00 68.87 34.00 1.10 1.00
1.00 0.00 80.03 35.95 1.10 1.00
1.00 0.00 82.28 35.95 1.10 1.00
1.00 0.00 84.54 35.95 1.10 1.00
1.00 0.00 86.79 35.95 1.10 1.00
1.00 2.00 89.04 34.00 1.10 1.00
1.00 0.00 80.03 32.05 1.10 1.00
1.00 0.00 82.28 32.05 1.10 1.00
1.00 0.00 84.54 32.05 1.10 1.00
1.00 0.00 86.79 32.05 1.10 1.00
1.00 2.00 77.78 34.00 1.10 1.00
1.00 0.00 93.24 35.95 1.10 1.00
1.00 0.00 95.35 35.95 1.10 1.00
1.00 2.00 97.45 34.00 1.10 1.00
1.00 0.00 93.24 32.05 1.10 1.00
1.00 0.00 95.35 32.05 1.10 1.00
1.00 2.00 91.14 34.00 1.10 1.00
1.00 0.00 4.73 41.95 1.10 1.00
1.00 0.00 6.90 41.95 1.10 1.00
1.00 0.00 9.08 41.95 1.10 1.00
1.00 2.00 11.26 40.00 1.10 1.00
1.00 0.00 4.73 38.05 1.10 1.00
1.00 0.00 6.90 38.05 1.10 1.00
1.00 0.00 9.08 38.05 1.10 1.00
1.00 2.00 2.55 40.00 1.10 1.00
1.00 0.00 15.17 41.95 1.10 1.00
1.00 0.00 16.98 41.95 1.10 1.00
1.00 2.00 18.80 40.00 1.10 1.00
1.00 0.00 15.17 38.05 1.10 1.00
1.00 0.00 16.98 38.05 1.10 1.00
1.00 2.00 13.36 40.00 1.10 1.00
1.00 0.00 22.71 41.95 1.10 1.00
1.00 0.00 24.52 41.95 1.10 1.00
1.00 2.00 26.33 40.00 1.10 1.00
1.00 0.00 22.71 38.05 1.10 1.00
1.00 0.00 24.52 38.05 1.10 1.00
1.00 2.00 20.90 40.00 1.10 1.00
1.00 0.00 30.25 41.95 1.10 1.00
1.00 0.00 32.06 41.95 1.10 1.00
1.00 2.00 33.87 40.00 1.10 1.00
1.00 0.00 30.25 38.05 1.10 1.00
1.00 0.00 32.06 38.05 1.10 1.00
1.00 2.00 28.43 40.00 1.10 1.00
1.00 0.00 38.47 41.95 1.10 1.00
1.00 0.00 40.96 41.95 1.10 1.00
1.00 0.00 43.46 41.95 1.10 1.00
1.00 0.00 45.95 41.95 1.10 1.00
1.00 2.00 48.45 40.00 1.10 1.00
1.00 0.00 38.47 38.05 1.10 1.00
1.00 0.00 40.96 38.05 1.10 1.00
1.00 0.00 43.46 38.05 1.10 1.00
1.00 0.00 45.95 38.05 1.10 1.00
1.00 2.00 35.97 40.00 1.10 1.00
1.00 0.00 53.57 41.95 1.10 1.00
1.00 0.00 55.58 41.95 1.10 1.00
1.00 2.00 57.60 40.00 1.10 1.00
1.00 0.00 53.57 38.05 1.10 1.00
1.00 0.00 55.58 38.05 1.10 1.00
1.00 2.00 51.55 40.00 1.10 1.00
1.00 0.00 61.88 41.95 1.10 1.00
1.00 0.00 64.06 41.95 1.10 1.00
1.00 2.00 66.24 40.00 1.10 1.00
1.00 0.00 61.88 38.05 1.10 1.00
1.00 0.00 64.06 38.05 1.10 1.00
1.00 2.00 59.70 40.00 1.10 1.00
1.00 0.00 70.70 41.95 1.10 1.00
1.00 0.00 73.06 41.95 1.10 1.00
1.00 0.00 75.42 41.95 1.10 1.00
1.00 2.00 77.77 40.00 1.10 1.00
1.00 0.00 70.70 38.05 1.10 1.00
1.00 0.00 73.06 38.05 1.10 1.00
1.00 0.00 75.42 38.05 1.10 1.00
1.00 2.00 68.34 40.00 1.10 1.00
1.00 0.00 82.23 41.95 1.10 1.00
1.00 0.00 84.59 41.95 1.10 1.00
1.00 0.00 86.95 41.95 1.10 1.00
1.00 2.00 89.30 40.00 1.10 1.00
1.00 0.00 82.23 38.05 1.10 1.00
1.00 0.00 84.59 38.05 1.10 1.00
1.00 0.00 86.95 38.05 1.10 1.00
1.00 2.00 79.87 40.00 1.10 1.00
1.00 0.00 93.42 41.95 1.10 1.00
1.00 0.00 95.43 41.95 1.10 1.00
1.00 2.00 97.45 40.00 1.10 1.00
1.00 0.00 93.42 38.05 1.10 1.00
1.00 0.00 95.43 38.05 1.10 1.00
1.00 2.00 91.40 40.00 1.10 1.00
1.00 0.00 4.75 47.45 1.10 1.00
1.00 0.00 6.94 47.45 1.10 1.00
1.00 2.00 9.14 45.75 1.10 1.00
1.00 0.00 4.75 44.05 1.10 1.00
1.00 0.00 6.94 44.05 1.10 1.00
1.00 2.00 2.55 45.75 1.10 1.00
1.00 0.00 13.60 47.45 1.10 1.00
1.00 0.00 15.96 47.45 1.10 1.00
1.00 2.00 18.32 45.75 1.10 1.00
1.00 0.00 13.60 44.05 1.10 1.00
1.00 0.00 15.96 44.05 1.10 1.00
1.00 2.00 11.24 45.75 1.10 1.00
1.00 0.00 22.46 47.45 1.10 1.00
1.00 0.00 24.49 47.45 1.10 1.00
1.00 0.00 26.52 47.45 1.10 1.00
1.00 0.00 28.55 47.45 1.10 1.00
1.00 2.00 30.57 45.75 1.10 1.00
1.00 0.00 22.46 44.05 1.10 1.00
1.00 0.00 24.49 44.05 1.10 1.00
1.00 0.00 26.52 44.05 1.10 1.00
1.00 0.00 28.55 44.05 1.10 1.00
1.00 2.00 20.43 45.75 1.10 1.00
1.00 0.00 35.04 47.45 1.10 1.00
1.00 0.00 37.40 47.45 1.10 1.00
1.00 2.00 39.76 45.75 1.10 1.00
1.00 0.00 35.04 44.05 1.10 1.00
1.00 0.00 37.40 44.05 1.10 1.00
1.00 2.00 32.67 45.75 1.10 1.00
1.00 0.00 44.06 47.45 1.10 1.00
1.00 0.00 46.25 47.45 1.10 1.00
1.00 2.00 48.45 45.75 1.10 1.00
1.00 0.00 44.06 44.05 1.10 1.00
1.00 0.00 46.25 44.05 1.10 1.00
1.00 2.00 41.86 45.75 1.10 1.00
1.00 0.00 52.83 47.45 1.10 1.00
1.00 2.00 54.11 45.75 1.10 1.00
1.00 0.00 52.83 44.05 1.10 1.00
1.00 2.00 51.55 45.75 1.10 1.00
1.00 0.00 58.26 47.45 1.10 1.00
1.00 0.00 60.32 47.45 1.10 1.00
1.00 0.00 62.37 47.45 1.10 1.00
1.00 2.00 64.42 45.75 1.10 1.00
1.00 0.00 58.26 44.05 1.10 1.00
1.00 0.00 60.32 44.05 1.10 1.00
1.00 0.00 62.37 44.05 1.10 1.00
1.00 2.00 56.21 45.75 1.10 1.00
1.00 0.00 68.05 47.45 1.10 1.00
1.00 2.00 69.58 45.75 1.10 1.00
1.00 0.00 68.05 44.05 1.10 1.00
1.00 2.00 66.52 45.75 1.10 1.00
1.00 0.00 73.74 47.45 1.10 1.00
1.00 0.00 75.79 47.45 1.10 1.00
1.00 0.00 77.84 47.45 1.10 1.00
1.00 2.00 79.90 45.75 1.10 1.00
1.00 0.00 73.74 44.05 1.10 1.00
1.00 0.00 75.79 44.05 1.10 1.00
1.00 0.00 77.84 44.05 1.10 1.00
1.00 2.00 71.68 45.75 1.10 1.00
1.00 0.00 83.88 47.45 1.10 1.00
1.00 0.00 85.76 47.45 1.10 1.00
1.00 2.00 87.63 45.75 1.10 1.00
1.00 0.00 83.88 44.05 1.10 1.00
1.00 0.00 85.76 44.05 1.10 1.00
1.00 2.00 82.00 45.75 1.10 1.00
1.00 0.00 91.66 47.45 1.10 1.00
1.00 0.00 93.59 47.45 1.10 1.00
1.00 0.00 95.52 47.45 1.10 1.00
1.00 2.00 97.45 45.75 1.10 1.00
1.00 0.00 91.66 44.05 1.10 1.00
1.00 0.00 93.59 44.05 1.10 1.00
1.00 0.00 95.52 44.05 1.10 1.00
1.00 2.00 89.73 45.75 1.10 1.00
2.00 0.00 70.88 -0.55 1.10 1.00
2.00 0.00 72.26 -0.55 1.10 1.00
2.00 0.00 73.64 -0.55 1.10 1.00
2.00 0.00 75.02 -0.55 1.10 1.00
2.00 0.00 76.40 -0.55 1.10 1.00
2.00 0.00 77.79 -0.55 1.10 1.00
2.00 0.00 79.17 -0.55 1.10 1.00
2.00 0.00 80.55 -0.55 1.10 1.00
2.00 0.00 81.93 -0.55 1.10 1.00
2.00 0.00 83.31 -0.55 1.10 1.00
2.00 0.00 84.69 -0.55 1.10 1.00
2.00 0.00 86.07 -0.55 1.10 1.00
2.00 0.00 87.45 -0.55 1.10 1.00
2.00 0.00 88.83 -0.55 1.10 1.00
2.00 0.00 90.21 -0.55 1.10 1.00
2.00 0.00 91.60 -0.55 1.10 1.00
2.00 0.00 92.98 -0.55 1.10 1.00
2.00 0.00 94.36 -0.55 1.10 1.00
2.00 0.00 95.74 -0.55 1.10 1.00
2.00 0.00 97.12 -0.55 1.10 1.00
2.00 0.00 70.88 50.55 1.10 1.00
2.00 0.00 72.26 50.55 1.10 1.00
2.00 0.00 73.64 50.55 1.10 1.00
2.00 0.00 75.02 50.55 1.10 1.00
2.00 0.00 76.40 50.55 1.10 1.00
2.00 0.00 77.79 50.55 1.10 1.00
2.00 0.00 79.17 50.55 1.10 1.00
2.00 0.00 80.55 50.55 1.10 1.00
2.00 0.00 81.93 50.55 1.10 1.00
2.00 0.00 83.31 50.55 1.10 1.00
2.00 0.00 84.69 50.55 1.10 1.00
2.00 0.00 86.07 50.55 1.10 1.00
2.00 0.00 87.45 50.55 1.10 1.00
2.00 0.00 88.83 50.55 1.10 1.00
2.00 0.00 90.21 50.55 1.10 1.00
2.00 0.00 91.60 50.55 1.10 1.00
2.00 0.00 92.98 50.55 1.10 1.00
2.00 0.00 94.36 50.55 1.10 1.00
2.00 0.00 95.74 50.55 1.10 1.00
2.00 0.00 97.12 50.55 1.10 1.00
3.00 0.00 32.00 -0.55 1.10 1.00
3.00 0.00 33.50 -0.55 1.10 1.00
3.00 0.00 35.00 -0.55 1.10 1.00
3.00 0.00 36.50 -0.55 1.10 1.00
3.00 0.00 38.00 -0.55 1.10 1.00
3.00 0.00 39.50 -0.55 1.10 1.00
3.00 0.00 41.00 -0.55 1.10 1.00
3.00 0.00 42.50 -0.55 1.10 1.00
3.00 0.00 44.00 -0.55 1.10 1.00
3.00 0.00 45.50 -0.55 1.10 1.00
3.00 0.00 47.00 -0.55 1.10 1.00
3.00 0.00 48.50 -0.55 1.10 1.00
3.00 0.00 50.00 -0.55 1.10 1.00
3.00 0.00 51.50 -0.55 1.10 1.00
3.00 0.00 53.00 -0.55 1.10 1.00
3.00 0.00 54.50 -0.55 1.10 1.00
3.00 0.00 56.00 -0.55 1.10 1.00
3.00 0.00 57.50 -0.55 1.10 1.00
3.00 0.00 59.00 -0.55 1.10 1.00
3.00 0.00 60.50 -0.55 1.10 1.00
3.00 0.00 62.00 -0.55 1.10 1.00
3.00 0.00 63.50 -0.55 1.10 1.00
3.00 0.00 65.00 -0.55 1.10 1.00
3.00 0.00 66.50 -0.55 1.10 1.00
3.00 0.00 68.00 -0.55 1.10 1.00
3.00 0.00 32.00 -2.45 1.10 1.00
3.00 0.00 33.50 -2.45 1.10 1.00
3.00 0.00 35.00 -2.45 1.10 1.00
3.00 0.00 36.50 -2.45 1.10 1.00
3.00 0.00 38.00 -2.45 1.10 1.00
3.00 0.00 39.50 -2.45 1.10 1.00
3.00 0.00 41.00 -2.45 1.10 1.00
3.00 0.00 42.50 -2.45 1.10 1.00
3.00 0.00 44.00 -2.45 1.10 1.00
3.00 0.00 45.50 -2.45 1.10 1.00
3.00 0.00 47.00 -2.45 1.10 1.00
3.00 0.00 48.50 -2.45 1.10 1.00
3.00 0.00 50.00 -2.45 1.10 1.00
3.00 0.00 51.50 -2.45 1.10 1.00
3.00 0.00 53.00 -2.45 1.10 1.00
3.00 0.00 54.50 -2.45 1.10 1.00
3.00 0.00 56.00 -2.45 1.10 1.00
3.00 0.00 57.50 -2.45 1.10 1.00
3.00 0.00 59.00 -2.45 1.10 1.00
3.00 0.00 60.50 -2.45 1.10 1.00
3.00 0.00 62.00 -2.45 1.10 1.00
3.00 0.00 63.50 -2.45 1.10 1.00
3.00 0.00 65.00 -2.45 1.10 1.00
3.00 0.00 66.50 -2.45 1.10 1.00
3.00 0.00 68.00 -2.45 1.10 1.00
3.00 0.00 32.00 -4.35 1.10 1.00
3.00 0.00 33.50 -4.35 1.10 1.00
3.00 0.00 35.00 -4.35 1.10 1.00
3.00 0.00 36.50 -4.35 1.10 1.00
3.00 0.00 38.00 -4.35 1.10 1.00
3.00 0.00 39.50 -4.35 1.10 1.00
3.00 0.00 41.00 -4.35 1.10 1.00
3.00 0.00 42.50 -4.35 1.10 1.00
3.00 0.00 44.00 -4.35 1.10 1.00
3.00 0.00 45.50 -4.35 1.10 1.00
3.00 0.00 47.00 -4.35 1.10 1.00
3.00 0.00 48.50 -4.35 1.10 1.00
3.00 0.00 50.00 -4.35 1.10 1.00
3.00 0.00 51.50 -4.35 1.10 1.00
3.00 0.00 53.00 -4.35 1.10 1.00
3.00 0.00 54.50 -4.35 1.10 1.00
3.00 0.00 56.00 -4.35 1.10 1.00
3.00 0.00 57.50 -4.35 1.10 1.00
3.00 0.00 59.00 -4.35 1.10 1.00
3.00 0.00 60.50 -4.35 1.10 1.00
3.00 0.00 62.00 -4.35 1.10 1.00
3.00 0.00 63.50 -4.35 1.10 1.00
3.00 0.00 65.00 -4.35 1.10 1.00
3.00 0.00 66.50 -4.35 1.10 1.00
3.00 0.00 68.00 -4.35 1.10 1.00
3.00 0.00 32.00 50.55 1.10 1.00
3.00 0.00 33.50 50.55 1.10 1.00
3.00 0.00 35.00 50.55 1.10 1.00
3.00 0.00 36.50 50.55 1.10 1.00
3.00 0.00 38.00 50.55 1.10 1.00
3.00 0.00 39.50 50.55 1.10 1.00
3.00 0.00 41.00 50.55 1.10 1.00
3.00 0.00 42.50 50.55 1.10 1.00
3.00 0.00 44.00 50.55 1.10 1.00
3.00 0.00 45.50 50.55 1.10 1.00
3.00 0.00 47.00 50.55 1.10 1.00
3.00 0.00 48.50 50.55 1.10 1.00
3.00 0.00 50.00 50.55 1.10 1.00
3.00 0.00 51.50 50.55 1.10 1.00
3.00 0.00 53.00 50.55 1.10 1.00
3.00 0.00 54.50 50.55 1.10 1.00
3.00 0.00 56.00 50.55 1.10 1.00
3.00 0.00 57.50 50.55 1.10 1.00
3.00 0.00 59.00 50.55 1.10 1.00
3.00 0.00 60.50 50.55 1.10 1.00
3.00 0.00 62.00 50.55 1.10 1.00
3.00 0.00 63.50 50.55 1.10 1.00
3.00 0.00 65.00 50.55 1.10 1.00
3.00 0.00 66.50 50.55 1.10 1.00
3.00 0.00 68.00 50.55 1.10 1.00
3.00 0.00 32.00 52.45 1.10 1.00
3.00 0.00 33.50 52.45 1.10 1.00
3.00 0.00 35.00 52.45 1.10 1.00
3.00 0.00 36.50 52.45 1.10 1.00
3.00 0.00 38.00 52.45 1.10 1.00
3.00 0.00 39.50 52.45 1.10 1.00
3.00 0.00 41.00 52.45 1.10 1.00
3.00 0.00 42.50 52.45 1.10 1.00
3.00 0.00 44.00 52.45 1.10 1.00
3.00 0.00 45.50 52.45 1.10 1.00
3.00 0.00 47.00 52.45 1.10 1.00
3.00 0.00 48.50 52.45 1.10 1.00
3.00 0.00 50.00 52.45 1.10 1.00
3.00 0.00 51.50 52.45 1.10 1.00
3.00 0.00 53.00 52.45 1.10 1.00
3.00 0.00 54.50 52.45 1.10 1.00
3.00 0.00 56.00 52.45 1.10 1.00
3.00 0.00 57.50 52.45 1.10 1.00
3.00 0.00 59.00 52.45 1.10 1.00
3.00 0.00 60.50 52.45 1.10 1.00
3.00 0.00 62.00 52.45 1.10 1.00
3.00 0.00 63.50 52.45 1.10 1.00
3.00 0.00 65.00 52.45 1.10 1.00
3.00 0.00 66.50 52.45 1.10 1.00
3.00 0.00 68.00 52.45 1.10 1.00
3.00 0.00 32.00 54.35 1.10 1.00
3.00 0.00 33.50 54.35 1.10 1.00
3.00 0.00 35.00 54.35 1.10 1.00
3.00 0.00 36.50 54.35 1.10 1.00
3.00 0.00 38.00 54.35 1.10 1.00
3.00 0.00 39.50 54.35 1.10 1.00
3.00 0.00 41.00 54.35 1.10 1.00
3.00 0.00 42.50 54.35 1.10 1.00
3.00 0.00 44.00 54.35 1.10 1.00
3.00 0.00 45.50 54.35 1.10 1.00
3.00 0.00 47.00 54.35 1.10 1.00
3.00 0.00 48.50 54.35 1.10 1.00
3.00 0.00 50.00 54.35 1.10 1.00
3.00 0.00 51.50 54.35 1.10 1.00
3.00 0.00 53.00 54.35 1.10 1.00
3.00 0.00 54.50 54.35 1.10 1.00
3.00 0.00 56.00 54.35 1.10 1.00
3.00 0.00 57.50 54.35 1.10 1.00
3.00 0.00 59.00 54.35 1.10 1.00
3.00 0.00 60.50 54.35 1.10 1.00
3.00 0.00 62.00 54.35 1.10 1.00
3.00 0.00 63.50 54.35 1.10 1.00
3.00 0.00 65.00 54.35 1.10 1.00
3.00 0.00 66.50 54.35 1.10 1.00
3.00 0.00 68.00 54.35 1.10 1.00
4.00 0.00 2.88 -0.55 1.10 1.00
4.00 0.00 4.26 -0.55 1.10 1.00
4.00 0.00 5.64 -0.55 1.10 1.00
4.00 0.00 7.02 -0.55 1.10 1.00
4.00 0.00 8.40 -0.55 1.10 1.00
4.00 0.00 9.79 -0.55 1.10 1.00
4.00 0.00 11.17 -0.55 1.10 1.00
4.00 0.00 12.55 -0.55 1.10 1.00
4.00 0.00 13.93 -0.55 1.10 1.00
4.00 0.00 15.31 -0.55 1.10 1.00
4.00 0.00 16.69 -0.55 1.10 1.00
4.00 0.00 18.07 -0.55 1.10 1.00
4.00 0.00 19.45 -0.55 1.10 1.00
4.00 0.00 20.83 -0.55 1.10 1.00
4.00 0.00 22.21 -0.55 1.10 1.00
4.00 0.00 23.60 -0.55 1.10 1.00
4.00 0.00 24.98 -0.55 1.10 1.00
4.00 0.00 26.36 -0.55 1.10 1.00
4.00 0.00 27.74 -0.55 1.10 1.00
4.00 0.00 29.12 -0.55 1.10 1.00
4.00 0.00 2.88 50.55 1.10 1.00
4.00 0.00 4.26 50.55 1.10 1.00
4.00 0.00 5.64 50.55 1.10 1.00
4.00 0.00 7.02 50.55 1.10 1.00
4.00 0.00 8.40 50.55 1.10 1.00
4.00 0.00 9.79 50.55 1.10 1.00
4.00 0.00 11.17 50.55 1.10 1.00
4.00 0.00 12.55 50.55 1.10 1.00
4.00 0.00 13.93 50.55 1.10 1.00
4.00 0.00 15.31 50.55 1.10 1.00
4.00 0.00 16.69 50.55 1.10 1.00
4.00 0.00 18.07 50.55 1.10 1.00
4.00 0.00 19.45 50.55 1.10 1.00
4.00 0.00 20.83 50.55 1.10 1.00
4.00 0.00 22.21 50.55 1.10 1.00
4.00 0.00 23.60 50.55 1.10 1.00
4.00 0.00 24.98 50.55 1.10 1.00
4.00 0.00 26.36 50.55 1.10 1.00
4.00 0.00 27.74 50.55 1.10 1.00
4.00 0.00 29.12 50.55 1.10 1.00
