0.00 5.33 5.25 6.67 6.50
0.00 14.61 5.25 9.89 6.50
0.00 25.50 5.25 9.89 6.50
0.00 35.03 5.25 7.17 6.50
0.00 41.83 5.25 4.44 6.50
0.00 47.03 5.25 3.94 6.50
0.00 55.41 5.25 8.82 6.50
0.00 65.47 5.25 9.32 6.50
0.00 75.79 5.25 9.32 6.50
0.00 86.11 5.25 9.32 6.50
0.00 94.88 5.25 6.24 6.50
0.00 7.01 13.00 10.03 7.00
0.00 16.85 13.00 7.65 7.00
0.00 26.94 13.00 10.53 7.00
0.00 37.03 13.00 7.65 7.00
0.00 45.43 13.00 7.15 7.00
0.00 55.50 13.00 9.00 7.00
0.00 64.00 13.00 6.00 7.00
0.00 74.50 13.00 13.00 7.00
0.00 86.75 13.00 9.50 7.00
0.00 95.25 13.00 5.50 7.00
0.00 5.57 20.75 7.15 6.50
0.00 12.53 20.75 4.76 6.50
0.00 21.18 20.75 10.53 6.50
0.00 32.71 20.75 10.53 6.50
0.00 43.99 20.75 10.03 6.50
0.00 54.92 20.75 7.83 6.50
0.00 64.00 20.75 8.33 6.50
0.00 71.00 20.75 3.67 6.50
0.00 76.83 20.75 6.00 6.50
0.00 85.00 20.75 8.33 6.50
0.00 94.08 20.75 7.83 6.50
0.00 6.15 28.25 8.30 4.50
0.00 15.70 28.25 8.80 4.50
0.00 27.95 28.25 13.70 4.50
0.00 42.40 28.25 13.20 4.50
0.00 54.84 28.25 7.69 4.50
0.00 63.78 28.25 8.19 4.50
0.00 72.97 28.25 8.19 4.50
0.00 82.16 28.25 8.19 4.50
0.00 89.81 28.25 5.12 4.50
0.00 95.69 28.25 4.62 4.50
0.00 7.01 34.00 10.03 5.00
0.00 18.29 34.00 10.53 5.00
0.00 26.94 34.00 4.76 5.00
0.00 35.59 34.00 10.53 5.00
0.00 45.43 34.00 7.15 5.00
0.00 59.16 34.00 16.32 5.00
0.00 72.27 34.00 7.91 5.00
0.00 83.41 34.00 12.36 5.00
0.00 94.30 34.00 7.41 5.00
0.00 6.90 40.00 9.81 5.00
0.00 16.08 40.00 6.54 5.00
0.00 23.62 40.00 6.54 5.00
0.00 31.15 40.00 6.54 5.00
0.00 42.21 40.00 13.58 5.00
0.00 54.57 40.00 7.15 5.00
0.00 62.97 40.00 7.65 5.00
0.00 73.06 40.00 10.53 5.00
0.00 84.59 40.00 10.53 5.00
0.00 94.43 40.00 7.15 5.00
0.00 5.84 45.75 7.69 4.50
0.00 14.78 45.75 8.19 4.50
0.00 25.50 45.75 11.25 4.50
0.00 36.22 45.75 8.19 4.50
0.00 45.16 45.75 7.69 4.50
0.00 52.83 45.75 3.66 4.50
0.00 60.32 45.75 9.32 4.50
0.00 68.05 45.75 4.16 4.50
0.00 75.79 45.75 9.32 4.50
0.00 84.82 45.75 6.74 4.50
0.00 93.59 45.75 8.82 4.50
1.00 85.00 -2.50 30.00 5.00
1.00 85.00 52.50 30.00 5.00
2.00 50.00 -2.50 40.00 5.00
2.00 50.00 52.50 40.00 5.00
3.00 15.00 -2.50 30.00 5.00
3.00 15.00 52.50 30.00 5.00
