0.00 30.00 1.00 60.00
0.00 30.00 29.00 60.00
1.00 30.00 6.60 60.00
1.00 30.00 12.20 60.00
1.00 30.00 17.80 60.00
1.00 30.00 23.40 60.00
2.00 1.00 15.00 30.00
2.00 30.00 15.00 30.00
2.00 59.00 15.00 30.00
3.00 12.60 4.05 4.10
3.00 21.30 4.05 4.10
3.00 44.50 4.05 4.10
3.00 11.55 9.40 4.60
3.00 22.09 9.40 4.60
3.00 40.88 9.40 4.60
3.00 48.12 9.40 4.60
3.00 12.60 15.00 4.60
3.00 42.43 15.00 4.60
3.00 50.71 15.00 4.60
3.00 10.67 20.60 4.60
3.00 20.33 20.60 4.60
3.00 39.67 20.60 4.60
3.00 10.67 25.95 4.10
3.00 17.11 25.95 4.10
3.00 41.60 25.95 4.10
3.00 53.20 25.95 4.10
