1.00 0.00 4.80 5.55 1.10 1.00
1.00 0.00 7.05 5.55 1.10 1.00
1.00 0.00 9.30 5.55 1.10 1.00
1.00 2.00 11.55 4.05 1.10 1.00
1.00 0.00 4.80 2.55 1.10 1.00
1.00 0.00 7.05 2.55 1.10 1.00
1.00 0.00 9.30 2.55 1.10 1.00
1.00 2.00 2.55 4.05 1.10 1.00
1.00 0.00 15.85 5.55 1.10 1.00
1.00 0.00 18.05 5.55 1.10 1.00
1.00 2.00 20.25 4.05 1.10 1.00
1.00 0.00 15.85 2.55 1.10 1.00
1.00 0.00 18.05 2.55 1.10 1.00
1.00 2.00 13.65 4.05 1.10 1.00
1.00 0.00 24.38 5.55 1.10 1.00
1.00 0.00 26.42 5.55 1.10 1.00
1.00 2.00 28.45 4.05 1.10 1.00
1.00 0.00 24.38 2.55 1.10 1.00
1.00 0.00 26.42 2.55 1.10 1.00
1.00 2.00 22.35 4.05 1.10 1.00
1.00 0.00 33.93 5.55 1.10 1.00
1.00 0.00 36.31 5.55 1.10 1.00
1.00 0.00 38.69 5.55 1.10 1.00
1.00 0.00 41.07 5.55 1.10 1.00
1.00 2.00 43.45 4.05 1.10 1.00
1.00 0.00 33.93 2.55 1.10 1.00
1.00 0.00 36.31 2.55 1.10 1.00
1.00 0.00 38.69 2.55 1.10 1.00
1.00 0.00 41.07 2.55 1.10 1.00
1.00 2.00 31.55 4.05 1.10 1.00
1.00 0.00 47.93 5.55 1.10 1.00
1.00 0.00 50.31 5.55 1.10 1.00
1.00 0.00 52.69 5.55 1.10 1.00
1.00 0.00 55.07 5.55 1.10 1.00
1.00 2.00 57.45 4.05 1.10 1.00
1.00 0.00 47.93 2.55 1.10 1.00
1.00 0.00 50.31 2.55 1.10 1.00
1.00 0.00 52.69 2.55 1.10 1.00
1.00 0.00 55.07 2.55 1.10 1.00
1.00 2.00 45.55 4.05 1.10 1.00
1.00 0.00 4.54 11.15 1.10 1.00
1.00 0.00 6.52 11.15 1.10 1.00
1.00 0.00 8.51 11.15 1.10 1.00
1.00 2.00 10.50 9.40 1.10 1.00
1.00 0.00 4.54 7.65 1.10 1.00
1.00 0.00 6.52 7.65 1.10 1.00
1.00 0.00 8.51 7.65 1.10 1.00
1.00 2.00 2.55 9.40 1.10 1.00
1.00 0.00 14.71 11.15 1.10 1.00
1.00 0.00 16.82 11.15 1.10 1.00
1.00 0.00 18.93 11.15 1.10 1.00
1.00 2.00 21.04 9.40 1.10 1.00
1.00 0.00 14.71 7.65 1.10 1.00
1.00 0.00 16.82 7.65 1.10 1.00
1.00 0.00 18.93 7.65 1.10 1.00
1.00 2.00 12.60 9.40 1.10 1.00
1.00 0.00 24.91 11.15 1.10 1.00
1.00 0.00 26.68 11.15 1.10 1.00
1.00 2.00 28.45 9.40 1.10 1.00
1.00 0.00 24.91 7.65 1.10 1.00
1.00 0.00 26.68 7.65 1.10 1.00
1.00 2.00 23.14 9.40 1.10 1.00
1.00 0.00 33.62 11.15 1.10 1.00
1.00 0.00 35.69 11.15 1.10 1.00
1.00 0.00 37.76 11.15 1.10 1.00
1.00 2.00 39.83 9.40 1.10 1.00
1.00 0.00 33.62 7.65 1.10 1.00
1.00 0.00 35.69 7.65 1.10 1.00
1.00 0.00 37.76 7.65 1.10 1.00
1.00 2.00 31.55 9.40 1.10 1.00
1.00 0.00 43.64 11.15 1.10 1.00
1.00 0.00 45.36 11.15 1.10 1.00
1.00 2.00 47.08 9.40 1.10 1.00
1.00 0.00 43.64 7.65 1.10 1.00
1.00 0.00 45.36 7.65 1.10 1.00
1.00 2.00 41.92 9.40 1.10 1.00
1.00 0.00 51.24 11.15 1.10 1.00
1.00 0.00 53.31 11.15 1.10 1.00
1.00 0.00 55.38 11.15 1.10 1.00
1.00 2.00 57.45 9.40 1.10 1.00
1.00 0.00 51.24 7.65 1.10 1.00
1.00 0.00 53.31 7.65 1.10 1.00
1.00 0.00 55.38 7.65 1.10 1.00
1.00 2.00 49.17 9.40 1.10 1.00
1.00 0.00 4.80 16.75 1.10 1.00
1.00 0.00 7.05 16.75 1.10 1.00
1.00 0.00 9.30 16.75 1.10 1.00
1.00 2.00 11.55 15.00 1.10 1.00
1.00 0.00 4.80 13.25 1.10 1.00
1.00 0.00 7.05 13.25 1.10 1.00
1.00 0.00 9.30 13.25 1.10 1.00
1.00 2.00 2.55 15.00 1.10 1.00
1.00 0.00 16.12 16.75 1.10 1.00
1.00 0.00 18.58 16.75 1.10 1.00
1.00 0.00 21.05 16.75 1.10 1.00
1.00 0.00 23.52 16.75 1.10 1.00
1.00 0.00 25.98 16.75 1.10 1.00
1.00 2.00 28.45 15.00 1.10 1.00
1.00 0.00 16.12 13.25 1.10 1.00
1.00 0.00 18.58 13.25 1.10 1.00
1.00 0.00 21.05 13.25 1.10 1.00
1.00 0.00 23.52 13.25 1.10 1.00
1.00 0.00 25.98 13.25 1.10 1.00
1.00 2.00 13.65 15.00 1.10 1.00
1.00 0.00 34.01 16.75 1.10 1.00
1.00 0.00 36.46 16.75 1.10 1.00
1.00 0.00 38.92 16.75 1.10 1.00
1.00 2.00 41.38 15.00 1.10 1.00
1.00 0.00 34.01 13.25 1.10 1.00
1.00 0.00 36.46 13.25 1.10 1.00
1.00 0.00 38.92 13.25 1.10 1.00
1.00 2.00 31.55 15.00 1.10 1.00
1.00 0.00 45.54 16.75 1.10 1.00
1.00 0.00 47.60 16.75 1.10 1.00
1.00 2.00 49.66 15.00 1.10 1.00
1.00 0.00 45.54 13.25 1.10 1.00
1.00 0.00 47.60 13.25 1.10 1.00
1.00 2.00 43.48 15.00 1.10 1.00
1.00 0.00 53.66 16.75 1.10 1.00
1.00 0.00 55.55 16.75 1.10 1.00
1.00 2.00 57.45 15.00 1.10 1.00
1.00 0.00 53.66 13.25 1.10 1.00
1.00 0.00 55.55 13.25 1.10 1.00
1.00 2.00 51.76 15.00 1.10 1.00
1.00 0.00 4.91 22.35 1.10 1.00
1.00 0.00 7.26 22.35 1.10 1.00
1.00 2.00 9.62 20.60 1.10 1.00
1.00 0.00 4.91 18.85 1.10 1.00
1.00 0.00 7.26 18.85 1.10 1.00
1.00 2.00 2.55 20.60 1.10 1.00
1.00 0.00 13.61 22.35 1.10 1.00
1.00 0.00 15.50 22.35 1.10 1.00
1.00 0.00 17.39 22.35 1.10 1.00
1.00 2.00 19.28 20.60 1.10 1.00
1.00 0.00 13.61 18.85 1.10 1.00
1.00 0.00 15.50 18.85 1.10 1.00
1.00 0.00 17.39 18.85 1.10 1.00
1.00 2.00 11.72 20.60 1.10 1.00
1.00 0.00 23.74 22.35 1.10 1.00
1.00 0.00 26.09 22.35 1.10 1.00
1.00 2.00 28.45 20.60 1.10 1.00
1.00 0.00 23.74 18.85 1.10 1.00
1.00 0.00 26.09 18.85 1.10 1.00
1.00 2.00 21.38 20.60 1.10 1.00
1.00 0.00 33.91 22.35 1.10 1.00
1.00 0.00 36.26 22.35 1.10 1.00
1.00 2.00 38.62 20.60 1.10 1.00
1.00 0.00 33.91 18.85 1.10 1.00
1.00 0.00 36.26 18.85 1.10 1.00
1.00 2.00 31.55 20.60 1.10 1.00
1.00 0.00 43.11 22.35 1.10 1.00
1.00 0.00 45.50 22.35 1.10 1.00
1.00 0.00 47.89 22.35 1.10 1.00
1.00 0.00 50.28 22.35 1.10 1.00
1.00 0.00 52.67 22.35 1.10 1.00
1.00 0.00 55.06 22.35 1.10 1.00
1.00 2.00 57.45 20.60 1.10 1.00
1.00 0.00 43.11 18.85 1.10 1.00
1.00 0.00 45.50 18.85 1.10 1.00
1.00 0.00 47.89 18.85 1.10 1.00
1.00 0.00 50.28 18.85 1.10 1.00
1.00 0.00 52.67 18.85 1.10 1.00
1.00 0.00 55.06 18.85 1.10 1.00
1.00 2.00 40.72 20.60 1.10 1.00
1.00 0.00 4.91 27.45 1.10 1.00
1.00 0.00 7.26 27.45 1.10 1.00
1.00 2.00 9.62 25.95 1.10 1.00
1.00 0.00 4.91 24.45 1.10 1.00
1.00 0.00 7.26 24.45 1.10 1.00
1.00 2.00 2.55 25.95 1.10 1.00
1.00 0.00 13.89 27.45 1.10 1.00
1.00 2.00 16.06 25.95 1.10 1.00
1.00 0.00 13.89 24.45 1.10 1.00
1.00 2.00 11.72 25.95 1.10 1.00
1.00 0.00 20.22 27.45 1.10 1.00
1.00 0.00 22.28 27.45 1.10 1.00
1.00 0.00 24.33 27.45 1.10 1.00
1.00 0.00 26.39 27.45 1.10 1.00
1.00 2.00 28.45 25.95 1.10 1.00
1.00 0.00 20.22 24.45 1.10 1.00
1.00 0.00 22.28 24.45 1.10 1.00
1.00 0.00 24.33 24.45 1.10 1.00
1.00 0.00 26.39 24.45 1.10 1.00
1.00 2.00 18.16 25.95 1.10 1.00
1.00 0.00 33.80 27.45 1.10 1.00
1.00 0.00 36.05 27.45 1.10 1.00
1.00 0.00 38.30 27.45 1.10 1.00
1.00 2.00 40.55 25.95 1.10 1.00
1.00 0.00 33.80 24.45 1.10 1.00
1.00 0.00 36.05 24.45 1.10 1.00
1.00 0.00 38.30 24.45 1.10 1.00
1.00 2.00 31.55 25.95 1.10 1.00
1.00 0.00 45.02 27.45 1.10 1.00
1.00 0.00 47.40 27.45 1.10 1.00
1.00 0.00 49.77 27.45 1.10 1.00
1.00 2.00 52.15 25.95 1.10 1.00
1.00 0.00 45.02 24.45 1.10 1.00
1.00 0.00 47.40 24.45 1.10 1.00
1.00 0.00 49.77 24.45 1.10 1.00
1.00 2.00 42.65 25.95 1.10 1.00
1.00 0.00 55.85 27.45 1.10 1.00
1.00 2.00 57.45 25.95 1.10 1.00
1.00 0.00 55.85 24.45 1.10 1.00
1.00 2.00 54.25 25.95 1.10 1.00
2.00 0.00 41.23 -0.55 1.10 1.00
2.00 0.00 42.95 -0.55 1.10 1.00
2.00 0.00 44.68 -0.55 1.10 1.00
2.00 0.00 46.41 -0.55 1.10 1.00
2.00 0.00 48.14 -0.55 1.10 1.00
2.00 0.00 49.86 -0.55 1.10 1.00
2.00 0.00 51.59 -0.55 1.10 1.00
2.00 0.00 53.32 -0.55 1.10 1.00
2.00 0.00 55.05 -0.55 1.10 1.00
2.00 0.00 56.77 -0.55 1.10 1.00
2.00 0.00 41.23 30.55 1.10 1.00
2.00 0.00 42.95 30.55 1.10 1.00
2.00 0.00 44.68 30.55 1.10 1.00
2.00 0.00 46.41 30.55 1.10 1.00
2.00 0.00 48.14 30.55 1.10 1.00
2.00 0.00 49.86 30.55 1.10 1.00
2.00 0.00 51.59 30.55 1.10 1.00
2.00 0.00 53.32 30.55 1.10 1.00
2.00 0.00 55.05 30.55 1.10 1.00
2.00 0.00 56.77 30.55 1.10 1.00
3.00 0.00 21.96 -0.55 1.10 1.00
3.00 0.00 23.42 -0.55 1.10 1.00
3.00 0.00 24.88 -0.55 1.10 1.00
3.00 0.00 26.35 -0.55 1.10 1.00
3.00 0.00 27.81 -0.55 1.10 1.00
3.00 0.00 29.27 -0.55 1.10 1.00
3.00 0.00 30.73 -0.55 1.10 1.00
3.00 0.00 32.19 -0.55 1.10 1.00
3.00 0.00 33.65 -0.55 1.10 1.00
3.00 0.00 35.12 -0.55 1.10 1.00
3.00 0.00 36.58 -0.55 1.10 1.00
3.00 0.00 38.04 -0.55 1.10 1.00
3.00 0.00 21.96 -2.45 1.10 1.00
3.00 0.00 23.42 -2.45 1.10 1.00
3.00 0.00 24.88 -2.45 1.10 1.00
3.00 0.00 26.35 -2.45 1.10 1.00
3.00 0.00 27.81 -2.45 1.10 1.00
3.00 0.00 29.27 -2.45 1.10 1.00
3.00 0.00 30.73 -2.45 1.10 1.00
3.00 0.00 32.19 -2.45 1.10 1.00
3.00 0.00 33.65 -2.45 1.10 1.00
3.00 0.00 35.12 -2.45 1.10 1.00
3.00 0.00 36.58 -2.45 1.10 1.00
3.00 0.00 38.04 -2.45 1.10 1.00
3.00 0.00 21.96 -4.35 1.10 1.00
3.00 0.00 23.42 -4.35 1.10 1.00
3.00 0.00 24.88 -4.35 1.10 1.00
3.00 0.00 26.35 -4.35 1.10 1.00
3.00 0.00 27.81 -4.35 1.10 1.00
3.00 0.00 29.27 -4.35 1.10 1.00
3.00 0.00 30.73 -4.35 1.10 1.00
3.00 0.00 32.19 -4.35 1.10 1.00
3.00 0.00 33.65 -4.35 1.10 1.00
3.00 0.00 35.12 -4.35 1.10 1.00
3.00 0.00 36.58 -4.35 1.10 1.00
3.00 0.00 38.04 -4.35 1.10 1.00
3.00 0.00 21.96 -6.25 1.10 1.00
3.00 0.00 23.42 -6.25 1.10 1.00
3.00 0.00 24.88 -6.25 1.10 1.00
3.00 0.00 26.35 -6.25 1.10 1.00
3.00 0.00 27.81 -6.25 1.10 1.00
3.00 0.00 29.27 -6.25 1.10 1.00
3.00 0.00 30.73 -6.25 1.10 1.00
3.00 0.00 32.19 -6.25 1.10 1.00
3.00 0.00 33.65 -6.25 1.10 1.00
3.00 0.00 35.12 -6.25 1.10 1.00
3.00 0.00 36.58 -6.25 1.10 1.00
3.00 0.00 38.04 -6.25 1.10 1.00
3.00 0.00 21.96 -8.15 1.10 1.00
3.00 0.00 23.42 -8.15 1.10 1.00
3.00 0.00 24.88 -8.15 1.10 1.00
3.00 0.00 26.35 -8.15 1.10 1.00
3.00 0.00 27.81 -8.15 1.10 1.00
3.00 0.00 29.27 -8.15 1.10 1.00
3.00 0.00 30.73 -8.15 1.10 1.00
3.00 0.00 32.19 -8.15 1.10 1.00
3.00 0.00 33.65 -8.15 1.10 1.00
3.00 0.00 35.12 -8.15 1.10 1.00
3.00 0.00 36.58 -8.15 1.10 1.00
3.00 0.00 38.04 -8.15 1.10 1.00
3.00 0.00 21.96 30.55 1.10 1.00
3.00 0.00 23.42 30.55 1.10 1.00
3.00 0.00 24.88 30.55 1.10 1.00
3.00 0.00 26.35 30.55 1.10 1.00
3.00 0.00 27.81 30.55 1.10 1.00
3.00 0.00 29.27 30.55 1.10 1.00
3.00 0.00 30.73 30.55 1.10 1.00
3.00 0.00 32.19 30.55 1.10 1.00
3.00 0.00 33.65 30.55 1.10 1.00
3.00 0.00 35.12 30.55 1.10 1.00
3.00 0.00 36.58 30.55 1.10 1.00
3.00 0.00 38.04 30.55 1.10 1.00
3.00 0.00 21.96 32.45 1.10 1.00
3.00 0.00 23.42 32.45 1.10 1.00
3.00 0.00 24.88 32.45 1.10 1.00
3.00 0.00 26.35 32.45 1.10 1.00
3.00 0.00 27.81 32.45 1.10 1.00
3.00 0.00 29.27 32.45 1.10 1.00
3.00 0.00 30.73 32.45 1.10 1.00
3.00 0.00 32.19 32.45 1.10 1.00
3.00 0.00 33.65 32.45 1.10 1.00
3.00 0.00 35.12 32.45 1.10 1.00
3.00 0.00 36.58 32.45 1.10 1.00
3.00 0.00 38.04 32.45 1.10 1.00
3.00 0.00 21.96 34.35 1.10 1.00
3.00 0.00 23.42 34.35 1.10 1.00
3.00 0.00 24.88 34.35 1.10 1.00
3.00 0.00 26.35 34.35 1.10 1.00
3.00 0.00 27.81 34.35 1.10 1.00
3.00 0.00 29.27 34.35 1.10 1.00
3.00 0.00 30.73 34.35 1.10 1.00
3.00 0.00 32.19 34.35 1.10 1.00
3.00 0.00 33.65 34.35 1.10 1.00
3.00 0.00 35.12 34.35 1.10 1.00
3.00 0.00 36.58 34.35 1.10 1.00
3.00 0.00 38.04 34.35 1.10 1.00
3.00 0.00 21.96 36.25 1.10 1.00
3.00 0.00 23.42 36.25 1.10 1.00
3.00 0.00 24.88 36.25 1.10 1.00
3.00 0.00 26.35 36.25 1.10 1.00
3.00 0.00 27.81 36.25 1.10 1.00
3.00 0.00 29.27 36.25 1.10 1.00
3.00 0.00 30.73 36.25 1.10 1.00
3.00 0.00 32.19 36.25 1.10 1.00
3.00 0.00 33.65 36.25 1.10 1.00
3.00 0.00 35.12 36.25 1.10 1.00
3.00 0.00 36.58 36.25 1.10 1.00
3.00 0.00 38.04 36.25 1.10 1.00
3.00 0.00 21.96 38.15 1.10 1.00
3.00 0.00 23.42 38.15 1.10 1.00
3.00 0.00 24.88 38.15 1.10 1.00
3.00 0.00 26.35 38.15 1.10 1.00
3.00 0.00 27.81 38.15 1.10 1.00
3.00 0.00 29.27 38.15 1.10 1.00
3.00 0.00 30.73 38.15 1.10 1.00
3.00 0.00 32.19 38.15 1.10 1.00
3.00 0.00 33.65 38.15 1.10 1.00
3.00 0.00 35.12 38.15 1.10 1.00
3.00 0.00 36.58 38.15 1.10 1.00
3.00 0.00 38.04 38.15 1.10 1.00
4.00 0.00 3.23 -0.55 1.10 1.00
4.00 0.00 4.95 -0.55 1.10 1.00
4.00 0.00 6.68 -0.55 1.10 1.00
4.00 0.00 8.41 -0.55 1.10 1.00
4.00 0.00 10.14 -0.55 1.10 1.00
4.00 0.00 11.86 -0.55 1.10 1.00
4.00 0.00 13.59 -0.55 1.10 1.00
4.00 0.00 15.32 -0.55 1.10 1.00
4.00 0.00 17.05 -0.55 1.10 1.00
4.00 0.00 18.77 -0.55 1.10 1.00
4.00 0.00 3.23 30.55 1.10 1.00
4.00 0.00 4.95 30.55 1.10 1.00
4.00 0.00 6.68 30.55 1.10 1.00
4.00 0.00 8.41 30.55 1.10 1.00
4.00 0.00 10.14 30.55 1.10 1.00
4.00 0.00 11.86 30.55 1.10 1.00
4.00 0.00 13.59 30.55 1.10 1.00
4.00 0.00 15.32 30.55 1.10 1.00
4.00 0.00 17.05 30.55 1.10 1.00
4.00 0.00 18.77 30.55 1.10 1.00
