0.00 7.05 4.05 10.10 4.10
0.00 16.95 4.05 7.70 4.10
0.00 25.40 4.05 7.20 4.10
0.00 37.50 4.05 13.00 4.10
0.00 51.50 4.05 13.00 4.10
0.00 6.52 9.40 9.05 4.60
0.00 16.82 9.40 9.55 4.60
0.00 25.80 9.40 6.41 4.60
0.00 35.69 9.40 9.38 4.60
0.00 44.50 9.40 6.25 4.60
0.00 53.31 9.40 9.38 4.60
0.00 7.05 15.00 10.10 4.60
0.00 21.05 15.00 15.90 4.60
0.00 36.46 15.00 10.93 4.60
0.00 46.57 15.00 7.29 4.60
0.00 54.61 15.00 6.79 4.60
0.00 6.08 20.60 8.17 4.60
0.00 15.50 20.60 8.67 4.60
0.00 24.92 20.60 8.17 4.60
0.00 35.08 20.60 8.17 4.60
0.00 49.08 20.60 17.83 4.60
0.00 6.08 25.95 8.17 4.10
0.00 13.89 25.95 5.44 4.10
0.00 23.31 25.95 11.39 4.10
0.00 36.05 25.95 10.10 4.10
0.00 47.40 25.95 10.60 4.10
0.00 55.85 25.95 4.30 4.10
1.00 50.00 -5.00 20.00 10.00
1.00 50.00 35.00 20.00 10.00
2.00 30.00 -5.00 20.00 10.00
2.00 30.00 35.00 20.00 10.00
3.00 10.00 -5.00 20.00 10.00
3.00 10.00 35.00 20.00 10.00
