1.00 1.00 4.04 7.20 1.08 1.00
1.00 3.00 6.53 3.43 1.08 1.00
1.00 3.00 6.53 5.31 1.08 1.00
1.00 1.00 4.04 1.54 1.08 1.00
1.00 3.00 1.54 3.43 1.08 1.00
1.00 3.00 1.54 5.31 1.08 1.00
1.00 1.00 11.11 7.20 1.08 1.00
1.00 3.00 13.60 3.43 1.08 1.00
1.00 3.00 13.60 5.31 1.08 1.00
1.00 1.00 11.11 1.54 1.08 1.00
1.00 3.00 8.61 3.43 1.08 1.00
1.00 3.00 8.61 5.31 1.08 1.00
1.00 1.00 17.81 7.20 1.08 1.00
1.00 1.00 19.95 7.20 1.08 1.00
1.00 1.00 22.08 7.20 1.08 1.00
1.00 3.00 24.21 3.43 1.08 1.00
1.00 3.00 24.21 5.31 1.08 1.00
1.00 1.00 17.81 1.54 1.08 1.00
1.00 1.00 19.95 1.54 1.08 1.00
1.00 1.00 22.08 1.54 1.08 1.00
1.00 3.00 15.68 3.43 1.08 1.00
1.00 3.00 15.68 5.31 1.08 1.00
1.00 1.00 28.79 7.20 1.08 1.00
1.00 3.00 31.28 3.43 1.08 1.00
1.00 3.00 31.28 5.31 1.08 1.00
1.00 1.00 28.79 1.54 1.08 1.00
1.00 3.00 26.29 3.43 1.08 1.00
1.00 3.00 26.29 5.31 1.08 1.00
1.00 1.00 35.86 7.20 1.08 1.00
1.00 3.00 38.35 3.43 1.08 1.00
1.00 3.00 38.35 5.31 1.08 1.00
1.00 1.00 35.86 1.54 1.08 1.00
1.00 3.00 33.36 3.43 1.08 1.00
1.00 3.00 33.36 5.31 1.08 1.00
1.00 1.00 42.56 7.20 1.08 1.00
1.00 1.00 44.70 7.20 1.08 1.00
1.00 1.00 46.83 7.20 1.08 1.00
1.00 3.00 48.96 3.43 1.08 1.00
1.00 3.00 48.96 5.31 1.08 1.00
1.00 1.00 42.56 1.54 1.08 1.00
1.00 1.00 44.70 1.54 1.08 1.00
1.00 1.00 46.83 1.54 1.08 1.00
1.00 3.00 40.43 3.43 1.08 1.00
1.00 3.00 40.43 5.31 1.08 1.00
1.00 1.00 53.54 7.20 1.08 1.00
1.00 3.00 56.03 3.43 1.08 1.00
1.00 3.00 56.03 5.31 1.08 1.00
1.00 1.00 53.54 1.54 1.08 1.00
1.00 3.00 51.04 3.43 1.08 1.00
1.00 3.00 51.04 5.31 1.08 1.00
1.00 1.00 60.24 7.20 1.08 1.00
1.00 1.00 62.38 7.20 1.08 1.00
1.00 1.00 64.51 7.20 1.08 1.00
1.00 3.00 66.64 3.43 1.08 1.00
1.00 3.00 66.64 5.31 1.08 1.00
1.00 1.00 60.24 1.54 1.08 1.00
1.00 1.00 62.38 1.54 1.08 1.00
1.00 1.00 64.51 1.54 1.08 1.00
1.00 3.00 58.11 3.43 1.08 1.00
1.00 3.00 58.11 5.31 1.08 1.00
1.00 1.00 70.85 7.20 1.08 1.00
1.00 1.00 72.98 7.20 1.08 1.00
1.00 1.00 75.11 7.20 1.08 1.00
1.00 3.00 77.25 3.43 1.08 1.00
1.00 3.00 77.25 5.31 1.08 1.00
1.00 1.00 70.85 1.54 1.08 1.00
1.00 1.00 72.98 1.54 1.08 1.00
1.00 1.00 75.11 1.54 1.08 1.00
1.00 3.00 68.72 3.43 1.08 1.00
1.00 3.00 68.72 5.31 1.08 1.00
1.00 1.00 81.46 7.20 1.08 1.00
1.00 1.00 83.59 7.20 1.08 1.00
1.00 1.00 85.72 7.20 1.08 1.00
1.00 3.00 87.85 3.43 1.08 1.00
1.00 3.00 87.85 5.31 1.08 1.00
1.00 1.00 81.46 1.54 1.08 1.00
1.00 1.00 83.59 1.54 1.08 1.00
1.00 1.00 85.72 1.54 1.08 1.00
1.00 3.00 79.33 3.43 1.08 1.00
1.00 3.00 79.33 5.31 1.08 1.00
1.00 1.00 92.06 7.20 1.08 1.00
1.00 1.00 94.20 7.20 1.08 1.00
1.00 1.00 96.33 7.20 1.08 1.00
1.00 3.00 98.46 3.43 1.08 1.00
1.00 3.00 98.46 5.31 1.08 1.00
1.00 1.00 92.06 1.54 1.08 1.00
1.00 1.00 94.20 1.54 1.08 1.00
1.00 1.00 96.33 1.54 1.08 1.00
1.00 3.00 89.93 3.43 1.08 1.00
1.00 3.00 89.93 5.31 1.08 1.00
1.00 1.00 4.04 14.93 1.08 1.00
1.00 3.00 6.53 11.16 1.08 1.00
1.00 3.00 6.53 13.05 1.08 1.00
1.00 1.00 4.04 9.28 1.08 1.00
1.00 3.00 1.54 11.16 1.08 1.00
1.00 3.00 1.54 13.05 1.08 1.00
1.00 1.00 11.11 14.93 1.08 1.00
1.00 3.00 13.60 11.16 1.08 1.00
1.00 3.00 13.60 13.05 1.08 1.00
1.00 1.00 11.11 9.28 1.08 1.00
1.00 3.00 8.61 11.16 1.08 1.00
1.00 3.00 8.61 13.05 1.08 1.00
1.00 1.00 17.81 14.93 1.08 1.00
1.00 1.00 19.95 14.93 1.08 1.00
1.00 1.00 22.08 14.93 1.08 1.00
1.00 3.00 24.21 11.16 1.08 1.00
1.00 3.00 24.21 13.05 1.08 1.00
1.00 1.00 17.81 9.28 1.08 1.00
1.00 1.00 19.95 9.28 1.08 1.00
1.00 1.00 22.08 9.28 1.08 1.00
1.00 3.00 15.68 11.16 1.08 1.00
1.00 3.00 15.68 13.05 1.08 1.00
1.00 1.00 28.79 14.93 1.08 1.00
1.00 3.00 31.28 11.16 1.08 1.00
1.00 3.00 31.28 13.05 1.08 1.00
1.00 1.00 28.79 9.28 1.08 1.00
1.00 3.00 26.29 11.16 1.08 1.00
1.00 3.00 26.29 13.05 1.08 1.00
1.00 1.00 35.86 14.93 1.08 1.00
1.00 3.00 38.35 11.16 1.08 1.00
1.00 3.00 38.35 13.05 1.08 1.00
1.00 1.00 35.86 9.28 1.08 1.00
1.00 3.00 33.36 11.16 1.08 1.00
1.00 3.00 33.36 13.05 1.08 1.00
1.00 1.00 42.56 14.93 1.08 1.00
1.00 1.00 44.70 14.93 1.08 1.00
1.00 1.00 46.83 14.93 1.08 1.00
1.00 3.00 48.96 11.16 1.08 1.00
1.00 3.00 48.96 13.05 1.08 1.00
1.00 1.00 42.56 9.28 1.08 1.00
1.00 1.00 44.70 9.28 1.08 1.00
1.00 1.00 46.83 9.28 1.08 1.00
1.00 3.00 40.43 11.16 1.08 1.00
1.00 3.00 40.43 13.05 1.08 1.00
1.00 1.00 53.54 14.93 1.08 1.00
1.00 3.00 56.03 11.16 1.08 1.00
1.00 3.00 56.03 13.05 1.08 1.00
1.00 1.00 53.54 9.28 1.08 1.00
1.00 3.00 51.04 11.16 1.08 1.00
1.00 3.00 51.04 13.05 1.08 1.00
1.00 1.00 60.24 14.93 1.08 1.00
1.00 1.00 62.38 14.93 1.08 1.00
1.00 1.00 64.51 14.93 1.08 1.00
1.00 3.00 66.64 11.16 1.08 1.00
1.00 3.00 66.64 13.05 1.08 1.00
1.00 1.00 60.24 9.28 1.08 1.00
1.00 1.00 62.38 9.28 1.08 1.00
1.00 1.00 64.51 9.28 1.08 1.00
1.00 3.00 58.11 11.16 1.08 1.00
1.00 3.00 58.11 13.05 1.08 1.00
1.00 1.00 70.85 14.93 1.08 1.00
1.00 1.00 72.98 14.93 1.08 1.00
1.00 1.00 75.11 14.93 1.08 1.00
1.00 3.00 77.25 11.16 1.08 1.00
1.00 3.00 77.25 13.05 1.08 1.00
1.00 1.00 70.85 9.28 1.08 1.00
1.00 1.00 72.98 9.28 1.08 1.00
1.00 1.00 75.11 9.28 1.08 1.00
1.00 3.00 68.72 11.16 1.08 1.00
1.00 3.00 68.72 13.05 1.08 1.00
1.00 1.00 81.46 14.93 1.08 1.00
1.00 1.00 83.59 14.93 1.08 1.00
1.00 1.00 85.72 14.93 1.08 1.00
1.00 3.00 87.85 11.16 1.08 1.00
1.00 3.00 87.85 13.05 1.08 1.00
1.00 1.00 81.46 9.28 1.08 1.00
1.00 1.00 83.59 9.28 1.08 1.00
1.00 1.00 85.72 9.28 1.08 1.00
1.00 3.00 79.33 11.16 1.08 1.00
1.00 3.00 79.33 13.05 1.08 1.00
1.00 1.00 92.06 14.93 1.08 1.00
1.00 1.00 94.20 14.93 1.08 1.00
1.00 1.00 96.33 14.93 1.08 1.00
1.00 3.00 98.46 11.16 1.08 1.00
1.00 3.00 98.46 13.05 1.08 1.00
1.00 1.00 92.06 9.28 1.08 1.00
1.00 1.00 94.20 9.28 1.08 1.00
1.00 1.00 96.33 9.28 1.08 1.00
1.00 3.00 89.93 11.16 1.08 1.00
1.00 3.00 89.93 13.05 1.08 1.00
1.00 1.00 4.04 20.09 1.08 1.00
1.00 3.00 6.53 18.55 1.08 1.00
1.00 1.00 4.04 17.01 1.08 1.00
1.00 3.00 1.54 18.55 1.08 1.00
1.00 1.00 11.11 20.09 1.08 1.00
1.00 3.00 13.60 18.55 1.08 1.00
1.00 1.00 11.11 17.01 1.08 1.00
1.00 3.00 8.61 18.55 1.08 1.00
1.00 1.00 17.81 20.09 1.08 1.00
1.00 1.00 19.95 20.09 1.08 1.00
1.00 1.00 22.08 20.09 1.08 1.00
1.00 3.00 24.21 18.55 1.08 1.00
1.00 1.00 17.81 17.01 1.08 1.00
1.00 1.00 19.95 17.01 1.08 1.00
1.00 1.00 22.08 17.01 1.08 1.00
1.00 3.00 15.68 18.55 1.08 1.00
1.00 1.00 28.79 20.09 1.08 1.00
1.00 3.00 31.28 18.55 1.08 1.00
1.00 1.00 28.79 17.01 1.08 1.00
1.00 3.00 26.29 18.55 1.08 1.00
1.00 1.00 35.86 20.09 1.08 1.00
1.00 3.00 38.35 18.55 1.08 1.00
1.00 1.00 35.86 17.01 1.08 1.00
1.00 3.00 33.36 18.55 1.08 1.00
1.00 1.00 42.56 20.09 1.08 1.00
1.00 1.00 44.70 20.09 1.08 1.00
1.00 1.00 46.83 20.09 1.08 1.00
1.00 3.00 48.96 18.55 1.08 1.00
1.00 1.00 42.56 17.01 1.08 1.00
1.00 1.00 44.70 17.01 1.08 1.00
1.00 1.00 46.83 17.01 1.08 1.00
1.00 3.00 40.43 18.55 1.08 1.00
1.00 1.00 53.54 20.09 1.08 1.00
1.00 3.00 56.03 18.55 1.08 1.00
1.00 1.00 53.54 17.01 1.08 1.00
1.00 3.00 51.04 18.55 1.08 1.00
1.00 1.00 60.24 20.09 1.08 1.00
1.00 1.00 62.38 20.09 1.08 1.00
1.00 1.00 64.51 20.09 1.08 1.00
1.00 3.00 66.64 18.55 1.08 1.00
1.00 1.00 60.24 17.01 1.08 1.00
1.00 1.00 62.38 17.01 1.08 1.00
1.00 1.00 64.51 17.01 1.08 1.00
1.00 3.00 58.11 18.55 1.08 1.00
1.00 1.00 70.85 20.09 1.08 1.00
1.00 1.00 72.98 20.09 1.08 1.00
1.00 1.00 75.11 20.09 1.08 1.00
1.00 3.00 77.25 18.55 1.08 1.00
1.00 1.00 70.85 17.01 1.08 1.00
1.00 1.00 72.98 17.01 1.08 1.00
1.00 1.00 75.11 17.01 1.08 1.00
1.00 3.00 68.72 18.55 1.08 1.00
1.00 1.00 81.46 20.09 1.08 1.00
1.00 1.00 83.59 20.09 1.08 1.00
1.00 1.00 85.72 20.09 1.08 1.00
1.00 3.00 87.85 18.55 1.08 1.00
1.00 1.00 81.46 17.01 1.08 1.00
1.00 1.00 83.59 17.01 1.08 1.00
1.00 1.00 85.72 17.01 1.08 1.00
1.00 3.00 79.33 18.55 1.08 1.00
1.00 1.00 92.06 20.09 1.08 1.00
1.00 1.00 94.20 20.09 1.08 1.00
1.00 1.00 96.33 20.09 1.08 1.00
1.00 3.00 98.46 18.55 1.08 1.00
1.00 1.00 92.06 17.01 1.08 1.00
1.00 1.00 94.20 17.01 1.08 1.00
1.00 1.00 96.33 17.01 1.08 1.00
1.00 3.00 89.93 18.55 1.08 1.00
1.00 1.00 4.04 25.25 1.08 1.00
1.00 3.00 6.53 23.71 1.08 1.00
1.00 1.00 4.04 22.17 1.08 1.00
1.00 3.00 1.54 23.71 1.08 1.00
1.00 1.00 11.11 25.25 1.08 1.00
1.00 3.00 13.60 23.71 1.08 1.00
1.00 1.00 11.11 22.17 1.08 1.00
1.00 3.00 8.61 23.71 1.08 1.00
1.00 1.00 17.81 25.25 1.08 1.00
1.00 1.00 19.95 25.25 1.08 1.00
1.00 1.00 22.08 25.25 1.08 1.00
1.00 3.00 24.21 23.71 1.08 1.00
1.00 1.00 17.81 22.17 1.08 1.00
1.00 1.00 19.95 22.17 1.08 1.00
1.00 1.00 22.08 22.17 1.08 1.00
1.00 3.00 15.68 23.71 1.08 1.00
1.00 1.00 28.79 25.25 1.08 1.00
1.00 3.00 31.28 23.71 1.08 1.00
1.00 1.00 28.79 22.17 1.08 1.00
1.00 3.00 26.29 23.71 1.08 1.00
1.00 1.00 35.86 25.25 1.08 1.00
1.00 3.00 38.35 23.71 1.08 1.00
1.00 1.00 35.86 22.17 1.08 1.00
1.00 3.00 33.36 23.71 1.08 1.00
1.00 1.00 42.56 25.25 1.08 1.00
1.00 1.00 44.70 25.25 1.08 1.00
1.00 1.00 46.83 25.25 1.08 1.00
1.00 3.00 48.96 23.71 1.08 1.00
1.00 1.00 42.56 22.17 1.08 1.00
1.00 1.00 44.70 22.17 1.08 1.00
1.00 1.00 46.83 22.17 1.08 1.00
1.00 3.00 40.43 23.71 1.08 1.00
1.00 1.00 53.54 25.25 1.08 1.00
1.00 3.00 56.03 23.71 1.08 1.00
1.00 1.00 53.54 22.17 1.08 1.00
1.00 3.00 51.04 23.71 1.08 1.00
1.00 1.00 60.24 25.25 1.08 1.00
1.00 1.00 62.38 25.25 1.08 1.00
1.00 1.00 64.51 25.25 1.08 1.00
1.00 3.00 66.64 23.71 1.08 1.00
1.00 1.00 60.24 22.17 1.08 1.00
1.00 1.00 62.38 22.17 1.08 1.00
1.00 1.00 64.51 22.17 1.08 1.00
1.00 3.00 58.11 23.71 1.08 1.00
1.00 1.00 70.85 25.25 1.08 1.00
1.00 1.00 72.98 25.25 1.08 1.00
1.00 1.00 75.11 25.25 1.08 1.00
1.00 3.00 77.25 23.71 1.08 1.00
1.00 1.00 70.85 22.17 1.08 1.00
1.00 1.00 72.98 22.17 1.08 1.00
1.00 1.00 75.11 22.17 1.08 1.00
1.00 3.00 68.72 23.71 1.08 1.00
1.00 1.00 81.46 25.25 1.08 1.00
1.00 1.00 83.59 25.25 1.08 1.00
1.00 1.00 85.72 25.25 1.08 1.00
1.00 3.00 87.85 23.71 1.08 1.00
1.00 1.00 81.46 22.17 1.08 1.00
1.00 1.00 83.59 22.17 1.08 1.00
1.00 1.00 85.72 22.17 1.08 1.00
1.00 3.00 79.33 23.71 1.08 1.00
1.00 1.00 92.06 25.25 1.08 1.00
1.00 1.00 94.20 25.25 1.08 1.00
1.00 1.00 96.33 25.25 1.08 1.00
1.00 3.00 98.46 23.71 1.08 1.00
1.00 1.00 92.06 22.17 1.08 1.00
1.00 1.00 94.20 22.17 1.08 1.00
1.00 1.00 96.33 22.17 1.08 1.00
1.00 3.00 89.93 23.71 1.08 1.00
1.00 1.00 4.04 30.41 1.08 1.00
1.00 3.00 6.53 28.87 1.08 1.00
1.00 1.00 4.04 27.33 1.08 1.00
1.00 3.00 1.54 28.87 1.08 1.00
1.00 1.00 11.11 30.41 1.08 1.00
1.00 3.00 13.60 28.87 1.08 1.00
1.00 1.00 11.11 27.33 1.08 1.00
1.00 3.00 8.61 28.87 1.08 1.00
1.00 1.00 17.81 30.41 1.08 1.00
1.00 1.00 19.95 30.41 1.08 1.00
1.00 1.00 22.08 30.41 1.08 1.00
1.00 3.00 24.21 28.87 1.08 1.00
1.00 1.00 17.81 27.33 1.08 1.00
1.00 1.00 19.95 27.33 1.08 1.00
1.00 1.00 22.08 27.33 1.08 1.00
1.00 3.00 15.68 28.87 1.08 1.00
1.00 1.00 28.79 30.41 1.08 1.00
1.00 3.00 31.28 28.87 1.08 1.00
1.00 1.00 28.79 27.33 1.08 1.00
1.00 3.00 26.29 28.87 1.08 1.00
1.00 1.00 35.86 30.41 1.08 1.00
1.00 3.00 38.35 28.87 1.08 1.00
1.00 1.00 35.86 27.33 1.08 1.00
1.00 3.00 33.36 28.87 1.08 1.00
1.00 1.00 42.56 30.41 1.08 1.00
1.00 1.00 44.70 30.41 1.08 1.00
1.00 1.00 46.83 30.41 1.08 1.00
1.00 3.00 48.96 28.87 1.08 1.00
1.00 1.00 42.56 27.33 1.08 1.00
1.00 1.00 44.70 27.33 1.08 1.00
1.00 1.00 46.83 27.33 1.08 1.00
1.00 3.00 40.43 28.87 1.08 1.00
1.00 1.00 53.54 30.41 1.08 1.00
1.00 3.00 56.03 28.87 1.08 1.00
1.00 1.00 53.54 27.33 1.08 1.00
1.00 3.00 51.04 28.87 1.08 1.00
1.00 1.00 60.24 30.41 1.08 1.00
1.00 1.00 62.38 30.41 1.08 1.00
1.00 1.00 64.51 30.41 1.08 1.00
1.00 3.00 66.64 28.87 1.08 1.00
1.00 1.00 60.24 27.33 1.08 1.00
1.00 1.00 62.38 27.33 1.08 1.00
1.00 1.00 64.51 27.33 1.08 1.00
1.00 3.00 58.11 28.87 1.08 1.00
1.00 1.00 70.85 30.41 1.08 1.00
1.00 1.00 72.98 30.41 1.08 1.00
1.00 1.00 75.11 30.41 1.08 1.00
1.00 3.00 77.25 28.87 1.08 1.00
1.00 1.00 70.85 27.33 1.08 1.00
1.00 1.00 72.98 27.33 1.08 1.00
1.00 1.00 75.11 27.33 1.08 1.00
1.00 3.00 68.72 28.87 1.08 1.00
1.00 1.00 81.46 30.41 1.08 1.00
1.00 1.00 83.59 30.41 1.08 1.00
1.00 1.00 85.72 30.41 1.08 1.00
1.00 3.00 87.85 28.87 1.08 1.00
1.00 1.00 81.46 27.33 1.08 1.00
1.00 1.00 83.59 27.33 1.08 1.00
1.00 1.00 85.72 27.33 1.08 1.00
1.00 3.00 79.33 28.87 1.08 1.00
1.00 1.00 92.06 30.41 1.08 1.00
1.00 1.00 94.20 30.41 1.08 1.00
1.00 1.00 96.33 30.41 1.08 1.00
1.00 3.00 98.46 28.87 1.08 1.00
1.00 1.00 92.06 27.33 1.08 1.00
1.00 1.00 94.20 27.33 1.08 1.00
1.00 1.00 96.33 27.33 1.08 1.00
1.00 3.00 89.93 28.87 1.08 1.00
1.00 1.00 4.04 35.57 1.08 1.00
1.00 3.00 6.53 34.03 1.08 1.00
1.00 1.00 4.04 32.49 1.08 1.00
1.00 3.00 1.54 34.03 1.08 1.00
1.00 1.00 11.11 35.57 1.08 1.00
1.00 3.00 13.60 34.03 1.08 1.00
1.00 1.00 11.11 32.49 1.08 1.00
1.00 3.00 8.61 34.03 1.08 1.00
1.00 1.00 17.81 35.57 1.08 1.00
1.00 1.00 19.95 35.57 1.08 1.00
1.00 1.00 22.08 35.57 1.08 1.00
1.00 3.00 24.21 34.03 1.08 1.00
1.00 1.00 17.81 32.49 1.08 1.00
1.00 1.00 19.95 32.49 1.08 1.00
1.00 1.00 22.08 32.49 1.08 1.00
1.00 3.00 15.68 34.03 1.08 1.00
1.00 1.00 28.79 35.57 1.08 1.00
1.00 3.00 31.28 34.03 1.08 1.00
1.00 1.00 28.79 32.49 1.08 1.00
1.00 3.00 26.29 34.03 1.08 1.00
1.00 1.00 35.86 35.57 1.08 1.00
1.00 3.00 38.35 34.03 1.08 1.00
1.00 1.00 35.86 32.49 1.08 1.00
1.00 3.00 33.36 34.03 1.08 1.00
1.00 1.00 42.56 35.57 1.08 1.00
1.00 1.00 44.70 35.57 1.08 1.00
1.00 1.00 46.83 35.57 1.08 1.00
1.00 3.00 48.96 34.03 1.08 1.00
1.00 1.00 42.56 32.49 1.08 1.00
1.00 1.00 44.70 32.49 1.08 1.00
1.00 1.00 46.83 32.49 1.08 1.00
1.00 3.00 40.43 34.03 1.08 1.00
1.00 1.00 53.54 35.57 1.08 1.00
1.00 3.00 56.03 34.03 1.08 1.00
1.00 1.00 53.54 32.49 1.08 1.00
1.00 3.00 51.04 34.03 1.08 1.00
1.00 1.00 60.24 35.57 1.08 1.00
1.00 1.00 62.38 35.57 1.08 1.00
1.00 1.00 64.51 35.57 1.08 1.00
1.00 3.00 66.64 34.03 1.08 1.00
1.00 1.00 60.24 32.49 1.08 1.00
1.00 1.00 62.38 32.49 1.08 1.00
1.00 1.00 64.51 32.49 1.08 1.00
1.00 3.00 58.11 34.03 1.08 1.00
1.00 1.00 70.85 35.57 1.08 1.00
1.00 1.00 72.98 35.57 1.08 1.00
1.00 1.00 75.11 35.57 1.08 1.00
1.00 3.00 77.25 34.03 1.08 1.00
1.00 1.00 70.85 32.49 1.08 1.00
1.00 1.00 72.98 32.49 1.08 1.00
1.00 1.00 75.11 32.49 1.08 1.00
1.00 3.00 68.72 34.03 1.08 1.00
1.00 1.00 81.46 35.57 1.08 1.00
1.00 1.00 83.59 35.57 1.08 1.00
1.00 1.00 85.72 35.57 1.08 1.00
1.00 3.00 87.85 34.03 1.08 1.00
1.00 1.00 81.46 32.49 1.08 1.00
1.00 1.00 83.59 32.49 1.08 1.00
1.00 1.00 85.72 32.49 1.08 1.00
1.00 3.00 79.33 34.03 1.08 1.00
1.00 1.00 92.06 35.57 1.08 1.00
1.00 1.00 94.20 35.57 1.08 1.00
1.00 1.00 96.33 35.57 1.08 1.00
1.00 3.00 98.46 34.03 1.08 1.00
1.00 1.00 92.06 32.49 1.08 1.00
1.00 1.00 94.20 32.49 1.08 1.00
1.00 1.00 96.33 32.49 1.08 1.00
1.00 3.00 89.93 34.03 1.08 1.00
1.00 1.00 4.04 40.72 1.08 1.00
1.00 3.00 6.53 39.18 1.08 1.00
1.00 1.00 4.04 37.65 1.08 1.00
1.00 3.00 1.54 39.18 1.08 1.00
1.00 1.00 11.11 40.72 1.08 1.00
1.00 3.00 13.60 39.18 1.08 1.00
1.00 1.00 11.11 37.65 1.08 1.00
1.00 3.00 8.61 39.18 1.08 1.00
1.00 1.00 17.81 40.72 1.08 1.00
1.00 1.00 19.95 40.72 1.08 1.00
1.00 1.00 22.08 40.72 1.08 1.00
1.00 3.00 24.21 39.18 1.08 1.00
1.00 1.00 17.81 37.65 1.08 1.00
1.00 1.00 19.95 37.65 1.08 1.00
1.00 1.00 22.08 37.65 1.08 1.00
1.00 3.00 15.68 39.18 1.08 1.00
1.00 1.00 28.79 40.72 1.08 1.00
1.00 3.00 31.28 39.18 1.08 1.00
1.00 1.00 28.79 37.65 1.08 1.00
1.00 3.00 26.29 39.18 1.08 1.00
1.00 1.00 35.86 40.72 1.08 1.00
1.00 3.00 38.35 39.18 1.08 1.00
1.00 1.00 35.86 37.65 1.08 1.00
1.00 3.00 33.36 39.18 1.08 1.00
1.00 1.00 42.56 40.72 1.08 1.00
1.00 1.00 44.70 40.72 1.08 1.00
1.00 1.00 46.83 40.72 1.08 1.00
1.00 3.00 48.96 39.18 1.08 1.00
1.00 1.00 42.56 37.65 1.08 1.00
1.00 1.00 44.70 37.65 1.08 1.00
1.00 1.00 46.83 37.65 1.08 1.00
1.00 3.00 40.43 39.18 1.08 1.00
1.00 1.00 53.54 40.72 1.08 1.00
1.00 3.00 56.03 39.18 1.08 1.00
1.00 1.00 53.54 37.65 1.08 1.00
1.00 3.00 51.04 39.18 1.08 1.00
1.00 1.00 60.24 40.72 1.08 1.00
1.00 1.00 62.38 40.72 1.08 1.00
1.00 1.00 64.51 40.72 1.08 1.00
1.00 3.00 66.64 39.18 1.08 1.00
1.00 1.00 60.24 37.65 1.08 1.00
1.00 1.00 62.38 37.65 1.08 1.00
1.00 1.00 64.51 37.65 1.08 1.00
1.00 3.00 58.11 39.18 1.08 1.00
1.00 1.00 70.85 40.72 1.08 1.00
1.00 1.00 72.98 40.72 1.08 1.00
1.00 1.00 75.11 40.72 1.08 1.00
1.00 3.00 77.25 39.18 1.08 1.00
1.00 1.00 70.85 37.65 1.08 1.00
1.00 1.00 72.98 37.65 1.08 1.00
1.00 1.00 75.11 37.65 1.08 1.00
1.00 3.00 68.72 39.18 1.08 1.00
1.00 1.00 81.46 40.72 1.08 1.00
1.00 1.00 83.59 40.72 1.08 1.00
1.00 1.00 85.72 40.72 1.08 1.00
1.00 3.00 87.85 39.18 1.08 1.00
1.00 1.00 81.46 37.65 1.08 1.00
1.00 1.00 83.59 37.65 1.08 1.00
1.00 1.00 85.72 37.65 1.08 1.00
1.00 3.00 79.33 39.18 1.08 1.00
1.00 1.00 92.06 40.72 1.08 1.00
1.00 1.00 94.20 40.72 1.08 1.00
1.00 1.00 96.33 40.72 1.08 1.00
1.00 3.00 98.46 39.18 1.08 1.00
1.00 1.00 92.06 37.65 1.08 1.00
1.00 1.00 94.20 37.65 1.08 1.00
1.00 1.00 96.33 37.65 1.08 1.00
1.00 3.00 89.93 39.18 1.08 1.00
1.00 1.00 4.04 48.46 1.08 1.00
1.00 3.00 6.53 44.69 1.08 1.00
1.00 3.00 6.53 46.57 1.08 1.00
1.00 1.00 4.04 42.80 1.08 1.00
1.00 3.00 1.54 44.69 1.08 1.00
1.00 3.00 1.54 46.57 1.08 1.00
1.00 1.00 11.11 48.46 1.08 1.00
1.00 3.00 13.60 44.69 1.08 1.00
1.00 3.00 13.60 46.57 1.08 1.00
1.00 1.00 11.11 42.80 1.08 1.00
1.00 3.00 8.61 44.69 1.08 1.00
1.00 3.00 8.61 46.57 1.08 1.00
1.00 1.00 17.81 48.46 1.08 1.00
1.00 1.00 19.95 48.46 1.08 1.00
1.00 1.00 22.08 48.46 1.08 1.00
1.00 3.00 24.21 44.69 1.08 1.00
1.00 3.00 24.21 46.57 1.08 1.00
1.00 1.00 17.81 42.80 1.08 1.00
1.00 1.00 19.95 42.80 1.08 1.00
1.00 1.00 22.08 42.80 1.08 1.00
1.00 3.00 15.68 44.69 1.08 1.00
1.00 3.00 15.68 46.57 1.08 1.00
1.00 1.00 28.79 48.46 1.08 1.00
1.00 3.00 31.28 44.69 1.08 1.00
1.00 3.00 31.28 46.57 1.08 1.00
1.00 1.00 28.79 42.80 1.08 1.00
1.00 3.00 26.29 44.69 1.08 1.00
1.00 3.00 26.29 46.57 1.08 1.00
1.00 1.00 35.86 48.46 1.08 1.00
1.00 3.00 38.35 44.69 1.08 1.00
1.00 3.00 38.35 46.57 1.08 1.00
1.00 1.00 35.86 42.80 1.08 1.00
1.00 3.00 33.36 44.69 1.08 1.00
1.00 3.00 33.36 46.57 1.08 1.00
1.00 1.00 42.56 48.46 1.08 1.00
1.00 1.00 44.70 48.46 1.08 1.00
1.00 1.00 46.83 48.46 1.08 1.00
1.00 3.00 48.96 44.69 1.08 1.00
1.00 3.00 48.96 46.57 1.08 1.00
1.00 1.00 42.56 42.80 1.08 1.00
1.00 1.00 44.70 42.80 1.08 1.00
1.00 1.00 46.83 42.80 1.08 1.00
1.00 3.00 40.43 44.69 1.08 1.00
1.00 3.00 40.43 46.57 1.08 1.00
1.00 1.00 53.54 48.46 1.08 1.00
1.00 3.00 56.03 44.69 1.08 1.00
1.00 3.00 56.03 46.57 1.08 1.00
1.00 1.00 53.54 42.80 1.08 1.00
1.00 3.00 51.04 44.69 1.08 1.00
1.00 3.00 51.04 46.57 1.08 1.00
1.00 1.00 60.24 48.46 1.08 1.00
1.00 1.00 62.38 48.46 1.08 1.00
1.00 1.00 64.51 48.46 1.08 1.00
1.00 3.00 66.64 44.69 1.08 1.00
1.00 3.00 66.64 46.57 1.08 1.00
1.00 1.00 60.24 42.80 1.08 1.00
1.00 1.00 62.38 42.80 1.08 1.00
1.00 1.00 64.51 42.80 1.08 1.00
1.00 3.00 58.11 44.69 1.08 1.00
1.00 3.00 58.11 46.57 1.08 1.00
1.00 1.00 70.85 48.46 1.08 1.00
1.00 1.00 72.98 48.46 1.08 1.00
1.00 1.00 75.11 48.46 1.08 1.00
1.00 3.00 77.25 44.69 1.08 1.00
1.00 3.00 77.25 46.57 1.08 1.00
1.00 1.00 70.85 42.80 1.08 1.00
1.00 1.00 72.98 42.80 1.08 1.00
1.00 1.00 75.11 42.80 1.08 1.00
1.00 3.00 68.72 44.69 1.08 1.00
1.00 3.00 68.72 46.57 1.08 1.00
1.00 1.00 81.46 48.46 1.08 1.00
1.00 1.00 83.59 48.46 1.08 1.00
1.00 1.00 85.72 48.46 1.08 1.00
1.00 3.00 87.85 44.69 1.08 1.00
1.00 3.00 87.85 46.57 1.08 1.00
1.00 1.00 81.46 42.80 1.08 1.00
1.00 1.00 83.59 42.80 1.08 1.00
1.00 1.00 85.72 42.80 1.08 1.00
1.00 3.00 79.33 44.69 1.08 1.00
1.00 3.00 79.33 46.57 1.08 1.00
1.00 1.00 92.06 48.46 1.08 1.00
1.00 1.00 94.20 48.46 1.08 1.00
1.00 1.00 96.33 48.46 1.08 1.00
1.00 3.00 98.46 44.69 1.08 1.00
1.00 3.00 98.46 46.57 1.08 1.00
1.00 1.00 92.06 42.80 1.08 1.00
1.00 1.00 94.20 42.80 1.08 1.00
1.00 1.00 96.33 42.80 1.08 1.00
1.00 3.00 89.93 44.69 1.08 1.00
1.00 3.00 89.93 46.57 1.08 1.00
2.00 0.00 70.88 -0.54 1.08 1.00
2.00 0.00 72.26 -0.54 1.08 1.00
2.00 0.00 73.64 -0.54 1.08 1.00
2.00 0.00 75.02 -0.54 1.08 1.00
2.00 0.00 76.40 -0.54 1.08 1.00
2.00 0.00 77.79 -0.54 1.08 1.00
2.00 0.00 79.17 -0.54 1.08 1.00
2.00 0.00 80.55 -0.54 1.08 1.00
2.00 0.00 81.93 -0.54 1.08 1.00
2.00 0.00 83.31 -0.54 1.08 1.00
2.00 0.00 84.69 -0.54 1.08 1.00
2.00 0.00 86.07 -0.54 1.08 1.00
2.00 0.00 87.45 -0.54 1.08 1.00
2.00 0.00 88.83 -0.54 1.08 1.00
2.00 0.00 90.21 -0.54 1.08 1.00
2.00 0.00 91.60 -0.54 1.08 1.00
2.00 0.00 92.98 -0.54 1.08 1.00
2.00 0.00 94.36 -0.54 1.08 1.00
2.00 0.00 95.74 -0.54 1.08 1.00
2.00 0.00 97.12 -0.54 1.08 1.00
2.00 0.00 70.88 50.54 1.08 1.00
2.00 0.00 72.26 50.54 1.08 1.00
2.00 0.00 73.64 50.54 1.08 1.00
2.00 0.00 75.02 50.54 1.08 1.00
2.00 0.00 76.40 50.54 1.08 1.00
2.00 0.00 77.79 50.54 1.08 1.00
2.00 0.00 79.17 50.54 1.08 1.00
2.00 0.00 80.55 50.54 1.08 1.00
2.00 0.00 81.93 50.54 1.08 1.00
2.00 0.00 83.31 50.54 1.08 1.00
2.00 0.00 84.69 50.54 1.08 1.00
2.00 0.00 86.07 50.54 1.08 1.00
2.00 0.00 87.45 50.54 1.08 1.00
2.00 0.00 88.83 50.54 1.08 1.00
2.00 0.00 90.21 50.54 1.08 1.00
2.00 0.00 91.60 50.54 1.08 1.00
2.00 0.00 92.98 50.54 1.08 1.00
2.00 0.00 94.36 50.54 1.08 1.00
2.00 0.00 95.74 50.54 1.08 1.00
2.00 0.00 97.12 50.54 1.08 1.00
3.00 0.00 32.36 -0.54 1.08 1.00
3.00 0.00 34.21 -0.54 1.08 1.00
3.00 0.00 36.07 -0.54 1.08 1.00
3.00 0.00 37.93 -0.54 1.08 1.00
3.00 0.00 39.79 -0.54 1.08 1.00
3.00 0.00 41.64 -0.54 1.08 1.00
3.00 0.00 43.50 -0.54 1.08 1.00
3.00 0.00 45.36 -0.54 1.08 1.00
3.00 0.00 47.21 -0.54 1.08 1.00
3.00 0.00 49.07 -0.54 1.08 1.00
3.00 0.00 50.93 -0.54 1.08 1.00
3.00 0.00 52.79 -0.54 1.08 1.00
3.00 0.00 54.64 -0.54 1.08 1.00
3.00 0.00 56.50 -0.54 1.08 1.00
3.00 0.00 58.36 -0.54 1.08 1.00
3.00 0.00 60.21 -0.54 1.08 1.00
3.00 0.00 62.07 -0.54 1.08 1.00
3.00 0.00 63.93 -0.54 1.08 1.00
3.00 0.00 65.79 -0.54 1.08 1.00
3.00 0.00 67.64 -0.54 1.08 1.00
3.00 0.00 32.36 -2.42 1.08 1.00
3.00 0.00 34.21 -2.42 1.08 1.00
3.00 0.00 36.07 -2.42 1.08 1.00
3.00 0.00 37.93 -2.42 1.08 1.00
3.00 0.00 39.79 -2.42 1.08 1.00
3.00 0.00 41.64 -2.42 1.08 1.00
3.00 0.00 43.50 -2.42 1.08 1.00
3.00 0.00 45.36 -2.42 1.08 1.00
3.00 0.00 47.21 -2.42 1.08 1.00
3.00 0.00 49.07 -2.42 1.08 1.00
3.00 0.00 50.93 -2.42 1.08 1.00
3.00 0.00 52.79 -2.42 1.08 1.00
3.00 0.00 54.64 -2.42 1.08 1.00
3.00 0.00 56.50 -2.42 1.08 1.00
3.00 0.00 58.36 -2.42 1.08 1.00
3.00 0.00 60.21 -2.42 1.08 1.00
3.00 0.00 62.07 -2.42 1.08 1.00
3.00 0.00 63.93 -2.42 1.08 1.00
3.00 0.00 65.79 -2.42 1.08 1.00
3.00 0.00 67.64 -2.42 1.08 1.00
3.00 0.00 32.36 -4.30 1.08 1.00
3.00 0.00 34.21 -4.30 1.08 1.00
3.00 0.00 36.07 -4.30 1.08 1.00
3.00 0.00 37.93 -4.30 1.08 1.00
3.00 0.00 39.79 -4.30 1.08 1.00
3.00 0.00 41.64 -4.30 1.08 1.00
3.00 0.00 43.50 -4.30 1.08 1.00
3.00 0.00 45.36 -4.30 1.08 1.00
3.00 0.00 47.21 -4.30 1.08 1.00
3.00 0.00 49.07 -4.30 1.08 1.00
3.00 0.00 50.93 -4.30 1.08 1.00
3.00 0.00 52.79 -4.30 1.08 1.00
3.00 0.00 54.64 -4.30 1.08 1.00
3.00 0.00 56.50 -4.30 1.08 1.00
3.00 0.00 58.36 -4.30 1.08 1.00
3.00 0.00 60.21 -4.30 1.08 1.00
3.00 0.00 62.07 -4.30 1.08 1.00
3.00 0.00 63.93 -4.30 1.08 1.00
3.00 0.00 65.79 -4.30 1.08 1.00
3.00 0.00 67.64 -4.30 1.08 1.00
3.00 0.00 32.36 50.54 1.08 1.00
3.00 0.00 34.21 50.54 1.08 1.00
3.00 0.00 36.07 50.54 1.08 1.00
3.00 0.00 37.93 50.54 1.08 1.00
3.00 0.00 39.79 50.54 1.08 1.00
3.00 0.00 41.64 50.54 1.08 1.00
3.00 0.00 43.50 50.54 1.08 1.00
3.00 0.00 45.36 50.54 1.08 1.00
3.00 0.00 47.21 50.54 1.08 1.00
3.00 0.00 49.07 50.54 1.08 1.00
3.00 0.00 50.93 50.54 1.08 1.00
3.00 0.00 52.79 50.54 1.08 1.00
3.00 0.00 54.64 50.54 1.08 1.00
3.00 0.00 56.50 50.54 1.08 1.00
3.00 0.00 58.36 50.54 1.08 1.00
3.00 0.00 60.21 50.54 1.08 1.00
3.00 0.00 62.07 50.54 1.08 1.00
3.00 0.00 63.93 50.54 1.08 1.00
3.00 0.00 65.79 50.54 1.08 1.00
3.00 0.00 67.64 50.54 1.08 1.00
3.00 0.00 32.36 52.42 1.08 1.00
3.00 0.00 34.21 52.42 1.08 1.00
3.00 0.00 36.07 52.42 1.08 1.00
3.00 0.00 37.93 52.42 1.08 1.00
3.00 0.00 39.79 52.42 1.08 1.00
3.00 0.00 41.64 52.42 1.08 1.00
3.00 0.00 43.50 52.42 1.08 1.00
3.00 0.00 45.36 52.42 1.08 1.00
3.00 0.00 47.21 52.42 1.08 1.00
3.00 0.00 49.07 52.42 1.08 1.00
3.00 0.00 50.93 52.42 1.08 1.00
3.00 0.00 52.79 52.42 1.08 1.00
3.00 0.00 54.64 52.42 1.08 1.00
3.00 0.00 56.50 52.42 1.08 1.00
3.00 0.00 58.36 52.42 1.08 1.00
3.00 0.00 60.21 52.42 1.08 1.00
3.00 0.00 62.07 52.42 1.08 1.00
3.00 0.00 63.93 52.42 1.08 1.00
3.00 0.00 65.79 52.42 1.08 1.00
3.00 0.00 67.64 52.42 1.08 1.00
3.00 0.00 32.36 54.30 1.08 1.00
3.00 0.00 34.21 54.30 1.08 1.00
3.00 0.00 36.07 54.30 1.08 1.00
3.00 0.00 37.93 54.30 1.08 1.00
3.00 0.00 39.79 54.30 1.08 1.00
3.00 0.00 41.64 54.30 1.08 1.00
3.00 0.00 43.50 54.30 1.08 1.00
3.00 0.00 45.36 54.30 1.08 1.00
3.00 0.00 47.21 54.30 1.08 1.00
3.00 0.00 49.07 54.30 1.08 1.00
3.00 0.00 50.93 54.30 1.08 1.00
3.00 0.00 52.79 54.30 1.08 1.00
3.00 0.00 54.64 54.30 1.08 1.00
3.00 0.00 56.50 54.30 1.08 1.00
3.00 0.00 58.36 54.30 1.08 1.00
3.00 0.00 60.21 54.30 1.08 1.00
3.00 0.00 62.07 54.30 1.08 1.00
3.00 0.00 63.93 54.30 1.08 1.00
3.00 0.00 65.79 54.30 1.08 1.00
3.00 0.00 67.64 54.30 1.08 1.00
4.00 0.00 2.88 -0.54 1.08 1.00
4.00 0.00 4.26 -0.54 1.08 1.00
4.00 0.00 5.64 -0.54 1.08 1.00
4.00 0.00 7.02 -0.54 1.08 1.00
4.00 0.00 8.40 -0.54 1.08 1.00
4.00 0.00 9.79 -0.54 1.08 1.00
4.00 0.00 11.17 -0.54 1.08 1.00
4.00 0.00 12.55 -0.54 1.08 1.00
4.00 0.00 13.93 -0.54 1.08 1.00
4.00 0.00 15.31 -0.54 1.08 1.00
4.00 0.00 16.69 -0.54 1.08 1.00
4.00 0.00 18.07 -0.54 1.08 1.00
4.00 0.00 19.45 -0.54 1.08 1.00
4.00 0.00 20.83 -0.54 1.08 1.00
4.00 0.00 22.21 -0.54 1.08 1.00
4.00 0.00 23.60 -0.54 1.08 1.00
4.00 0.00 24.98 -0.54 1.08 1.00
4.00 0.00 26.36 -0.54 1.08 1.00
4.00 0.00 27.74 -0.54 1.08 1.00
4.00 0.00 29.12 -0.54 1.08 1.00
4.00 0.00 2.88 50.54 1.08 1.00
4.00 0.00 4.26 50.54 1.08 1.00
4.00 0.00 5.64 50.54 1.08 1.00
4.00 0.00 7.02 50.54 1.08 1.00
4.00 0.00 8.40 50.54 1.08 1.00
4.00 0.00 9.79 50.54 1.08 1.00
4.00 0.00 11.17 50.54 1.08 1.00
4.00 0.00 12.55 50.54 1.08 1.00
4.00 0.00 13.93 50.54 1.08 1.00
4.00 0.00 15.31 50.54 1.08 1.00
4.00 0.00 16.69 50.54 1.08 1.00
4.00 0.00 18.07 50.54 1.08 1.00
4.00 0.00 19.45 50.54 1.08 1.00
4.00 0.00 20.83 50.54 1.08 1.00
4.00 0.00 22.21 50.54 1.08 1.00
4.00 0.00 23.60 50.54 1.08 1.00
4.00 0.00 24.98 50.54 1.08 1.00
4.00 0.00 26.36 50.54 1.08 1.00
4.00 0.00 27.74 50.54 1.08 1.00
4.00 0.00 29.12 50.54 1.08 1.00
