0.00 4.04 4.37 6.07 6.74
0.00 11.11 4.37 6.07 6.74
0.00 19.95 4.37 9.61 6.74
0.00 28.79 4.37 6.07 6.74
0.00 35.86 4.37 6.07 6.74
0.00 44.70 4.37 9.61 6.74
0.00 53.54 4.37 6.07 6.74
0.00 62.38 4.37 9.61 6.74
0.00 72.98 4.37 9.61 6.74
0.00 83.59 4.37 9.61 6.74
0.00 94.20 4.37 9.61 6.74
0.00 4.04 12.11 6.07 6.74
0.00 11.11 12.11 6.07 6.74
0.00 19.95 12.11 9.61 6.74
0.00 28.79 12.11 6.07 6.74
0.00 35.86 12.11 6.07 6.74
0.00 44.70 12.11 9.61 6.74
0.00 53.54 12.11 6.07 6.74
0.00 62.38 12.11 9.61 6.74
0.00 72.98 12.11 9.61 6.74
0.00 83.59 12.11 9.61 6.74
0.00 94.20 12.11 9.61 6.74
0.00 4.04 18.55 6.07 4.16
0.00 11.11 18.55 6.07 4.16
0.00 19.95 18.55 9.61 4.16
0.00 28.79 18.55 6.07 4.16
0.00 35.86 18.55 6.07 4.16
0.00 44.70 18.55 9.61 4.16
0.00 53.54 18.55 6.07 4.16
0.00 62.38 18.55 9.61 4.16
0.00 72.98 18.55 9.61 4.16
0.00 83.59 18.55 9.61 4.16
0.00 94.20 18.55 9.61 4.16
0.00 4.04 23.71 6.07 4.16
0.00 11.11 23.71 6.07 4.16
0.00 19.95 23.71 9.61 4.16
0.00 28.79 23.71 6.07 4.16
0.00 35.86 23.71 6.07 4.16
0.00 44.70 23.71 9.61 4.16
0.00 53.54 23.71 6.07 4.16
0.00 62.38 23.71 9.61 4.16
0.00 72.98 23.71 9.61 4.16
0.00 83.59 23.71 9.61 4.16
0.00 94.20 23.71 9.61 4.16
0.00 4.04 28.87 6.07 4.16
0.00 11.11 28.87 6.07 4.16
0.00 19.95 28.87 9.61 4.16
0.00 28.79 28.87 6.07 4.16
0.00 35.86 28.87 6.07 4.16
0.00 44.70 28.87 9.61 4.16
0.00 53.54 28.87 6.07 4.16
0.00 62.38 28.87 9.61 4.16
0.00 72.98 28.87 9.61 4.16
0.00 83.59 28.87 9.61 4.16
0.00 94.20 28.87 9.61 4.16
0.00 4.04 34.03 6.07 4.16
0.00 11.11 34.03 6.07 4.16
0.00 19.95 34.03 9.61 4.16
0.00 28.79 34.03 6.07 4.16
0.00 35.86 34.03 6.07 4.16
0.00 44.70 34.03 9.61 4.16
0.00 53.54 34.03 6.07 4.16
0.00 62.38 34.03 9.61 4.16
0.00 72.98 34.03 9.61 4.16
0.00 83.59 34.03 9.61 4.16
0.00 94.20 34.03 9.61 4.16
0.00 4.04 39.18 6.07 4.16
0.00 11.11 39.18 6.07 4.16
0.00 19.95 39.18 9.61 4.16
0.00 28.79 39.18 6.07 4.16
0.00 35.86 39.18 6.07 4.16
0.00 44.70 39.18 9.61 4.16
0.00 53.54 39.18 6.07 4.16
0.00 62.38 39.18 9.61 4.16
0.00 72.98 39.18 9.61 4.16
0.00 83.59 39.18 9.61 4.16
0.00 94.20 39.18 9.61 4.16
0.00 4.04 45.63 6.07 6.74
0.00 11.11 45.63 6.07 6.74
0.00 19.95 45.63 9.61 6.74
0.00 28.79 45.63 6.07 6.74
0.00 35.86 45.63 6.07 6.74
0.00 44.70 45.63 9.61 6.74
0.00 53.54 45.63 6.07 6.74
0.00 62.38 45.63 9.61 6.74
0.00 72.98 45.63 9.61 6.74
0.00 83.59 45.63 9.61 6.74
0.00 94.20 45.63 9.61 6.74
1.00 85.00 -2.50 30.00 5.00
1.00 85.00 52.50 30.00 5.00
2.00 50.00 -2.50 40.00 5.00
2.00 50.00 52.50 40.00 5.00
3.00 15.00 -2.50 30.00 5.00
3.00 15.00 52.50 30.00 5.00
