1.00 3.00 204.75 37.50 1.50 1.00
1.00 3.00 204.75 36.40 1.50 1.00
3.00 3.00 207.25 23.50 1.50 1.00
3.00 3.00 165.75 26.50 1.50 1.00
1.00 1.00 156.00 5.25 1.50 1.00
1.00 1.00 157.10 5.25 1.50 1.00
3.00 3.00 147.75 6.50 1.50 1.00
4.00 3.00 147.75 7.60 1.50 1.00
1.00 3.00 150.25 17.00 1.50 1.00
1.00 3.00 150.25 18.10 1.50 1.00
3.00 1.00 147.00 26.25 1.50 1.00
1.00 1.00 155.00 39.25 1.50 1.00
1.00 1.00 156.10 39.25 1.50 1.00
1.00 3.00 144.75 68.50 1.50 1.00
1.00 3.00 144.75 67.40 1.50 1.00
3.00 1.00 140.00 33.75 1.50 1.00
1.00 1.00 135.00 36.25 1.50 1.00
1.00 1.00 133.90 36.25 1.50 1.00
1.00 1.00 115.00 47.25 1.50 1.00
1.00 1.00 116.10 47.25 1.50 1.00
3.00 1.00 81.00 47.25 1.50 1.00
3.00 3.00 49.75 48.00 1.50 1.00
1.00 3.00 52.25 51.00 1.50 1.00
1.00 3.00 52.25 52.10 1.50 1.00
1.00 1.00 1.00 47.25 1.50 1.00
1.00 1.00 2.10 47.25 1.50 1.00
1.00 3.00 -5.25 30.00 1.50 1.00
1.00 3.00 -5.25 31.10 1.50 1.00