0.00 50.00 1.00 100.00
0.00 50.00 20.20 100.00
0.00 50.00 49.00 100.00
1.00 50.00 7.40 100.00
1.00 50.00 13.80 100.00
1.00 50.00 27.40 100.00
1.00 50.00 34.60 100.00
1.00 50.00 41.80 100.00
2.00 1.00 25.00 50.00
2.00 50.00 25.00 50.00
2.00 99.00 25.00 50.00
3.00 10.80 4.45 4.90
3.00 20.60 4.45 4.90
3.00 27.13 4.45 4.90
3.00 33.67 4.45 4.90
3.00 43.47 4.45 4.90
3.00 57.00 4.45 4.90
3.00 64.00 4.45 4.90
3.00 74.50 4.45 4.90
3.00 85.00 4.45 4.90
3.00 92.00 4.45 4.90
3.00 12.31 10.60 5.40
3.00 19.85 10.60 5.40
3.00 27.38 10.60 5.40
3.00 38.69 10.60 5.40
3.00 60.50 10.60 5.40
3.00 74.50 10.60 5.40
3.00 85.00 10.60 5.40
3.00 10.80 16.75 4.90
3.00 25.50 16.75 4.90
3.00 35.30 16.75 4.90
3.00 59.80 16.75 4.90
3.00 72.87 16.75 4.90
3.00 79.40 16.75 4.90
3.00 92.47 16.75 4.90
3.00 11.50 24.05 5.70
3.00 22.00 24.05 5.70
3.00 36.00 24.05 5.70
3.00 60.89 24.05 5.70
3.00 71.78 24.05 5.70
3.00 88.11 24.05 5.70
3.00 15.00 31.00 6.20
3.00 22.00 31.00 6.20
3.00 29.00 31.00 6.20
3.00 36.00 31.00 6.20
3.00 55.76 31.00 6.20
3.00 64.41 31.00 6.20
3.00 70.18 31.00 6.20
3.00 75.94 31.00 6.20
3.00 87.47 31.00 6.20
3.00 10.80 38.20 6.20
3.00 17.33 38.20 6.20
3.00 27.13 38.20 6.20
3.00 36.93 38.20 6.20
3.00 57.74 38.20 6.20
3.00 68.05 38.20 6.20
3.00 78.37 38.20 6.20
3.00 83.53 38.20 6.20
3.00 88.68 38.20 6.20
3.00 16.08 45.15 5.70
3.00 27.38 45.15 5.70
3.00 34.92 45.15 5.70
3.00 59.80 45.15 5.70
3.00 69.60 45.15 5.70
3.00 79.40 45.15 5.70
