1.00 0.00 4.95 6.35 1.10 1.00
1.00 0.00 7.35 6.35 1.10 1.00
1.00 2.00 9.75 4.45 1.10 1.00
1.00 0.00 4.95 2.55 1.10 1.00
1.00 0.00 7.35 2.55 1.10 1.00
1.00 2.00 2.55 4.45 1.10 1.00
1.00 0.00 13.78 6.35 1.10 1.00
1.00 0.00 15.70 6.35 1.10 1.00
1.00 0.00 17.62 6.35 1.10 1.00
1.00 2.00 19.55 4.45 1.10 1.00
1.00 0.00 13.78 2.55 1.10 1.00
1.00 0.00 15.70 2.55 1.10 1.00
1.00 0.00 17.62 2.55 1.10 1.00
1.00 2.00 11.85 4.45 1.10 1.00
1.00 0.00 23.87 6.35 1.10 1.00
1.00 2.00 26.08 4.45 1.10 1.00
1.00 0.00 23.87 2.55 1.10 1.00
1.00 2.00 21.65 4.45 1.10 1.00
1.00 0.00 30.40 6.35 1.10 1.00
1.00 2.00 32.62 4.45 1.10 1.00
1.00 0.00 30.40 2.55 1.10 1.00
1.00 2.00 28.18 4.45 1.10 1.00
1.00 0.00 36.64 6.35 1.10 1.00
1.00 0.00 38.57 6.35 1.10 1.00
1.00 0.00 40.49 6.35 1.10 1.00
1.00 2.00 42.42 4.45 1.10 1.00
1.00 0.00 36.64 2.55 1.10 1.00
1.00 0.00 38.57 2.55 1.10 1.00
1.00 0.00 40.49 2.55 1.10 1.00
1.00 2.00 34.72 4.45 1.10 1.00
1.00 0.00 46.48 6.35 1.10 1.00
1.00 2.00 48.45 4.45 1.10 1.00
1.00 0.00 46.48 2.55 1.10 1.00
1.00 2.00 44.52 4.45 1.10 1.00
1.00 0.00 53.75 6.35 1.10 1.00
1.00 2.00 55.95 4.45 1.10 1.00
1.00 0.00 53.75 2.55 1.10 1.00
1.00 2.00 51.55 4.45 1.10 1.00
1.00 0.00 60.50 6.35 1.10 1.00
1.00 2.00 62.95 4.45 1.10 1.00
1.00 0.00 60.50 2.55 1.10 1.00
1.00 2.00 58.05 4.45 1.10 1.00
1.00 0.00 67.15 6.35 1.10 1.00
1.00 0.00 69.25 6.35 1.10 1.00
1.00 0.00 71.35 6.35 1.10 1.00
1.00 2.00 73.45 4.45 1.10 1.00
1.00 0.00 67.15 2.55 1.10 1.00
1.00 0.00 69.25 2.55 1.10 1.00
1.00 0.00 71.35 2.55 1.10 1.00
1.00 2.00 65.05 4.45 1.10 1.00
1.00 0.00 77.65 6.35 1.10 1.00
1.00 0.00 79.75 6.35 1.10 1.00
1.00 0.00 81.85 6.35 1.10 1.00
1.00 2.00 83.95 4.45 1.10 1.00
1.00 0.00 77.65 2.55 1.10 1.00
1.00 0.00 79.75 2.55 1.10 1.00
1.00 0.00 81.85 2.55 1.10 1.00
1.00 2.00 75.55 4.45 1.10 1.00
1.00 0.00 88.50 6.35 1.10 1.00
1.00 2.00 90.95 4.45 1.10 1.00
1.00 0.00 88.50 2.55 1.10 1.00
1.00 2.00 86.05 4.45 1.10 1.00
1.00 0.00 95.25 6.35 1.10 1.00
1.00 2.00 97.45 4.45 1.10 1.00
1.00 0.00 95.25 2.55 1.10 1.00
1.00 2.00 93.05 4.45 1.10 1.00
1.00 0.00 4.73 12.75 1.10 1.00
1.00 0.00 6.90 12.75 1.10 1.00
1.00 0.00 9.08 12.75 1.10 1.00
1.00 2.00 11.26 10.60 1.10 1.00
1.00 0.00 4.73 8.45 1.10 1.00
1.00 0.00 6.90 8.45 1.10 1.00
1.00 0.00 9.08 8.45 1.10 1.00
1.00 2.00 2.55 10.60 1.10 1.00
1.00 0.00 15.17 12.75 1.10 1.00
1.00 0.00 16.98 12.75 1.10 1.00
1.00 2.00 18.80 10.60 1.10 1.00
1.00 0.00 15.17 8.45 1.10 1.00
1.00 0.00 16.98 8.45 1.10 1.00
1.00 2.00 13.36 10.60 1.10 1.00
1.00 0.00 22.71 12.75 1.10 1.00
1.00 0.00 24.52 12.75 1.10 1.00
1.00 2.00 26.33 10.60 1.10 1.00
1.00 0.00 22.71 8.45 1.10 1.00
1.00 0.00 24.52 8.45 1.10 1.00
1.00 2.00 20.90 10.60 1.10 1.00
1.00 0.00 30.74 12.75 1.10 1.00
1.00 0.00 33.04 12.75 1.10 1.00
1.00 0.00 35.34 12.75 1.10 1.00
1.00 2.00 37.64 10.60 1.10 1.00
1.00 0.00 30.74 8.45 1.10 1.00
1.00 0.00 33.04 8.45 1.10 1.00
1.00 0.00 35.34 8.45 1.10 1.00
1.00 2.00 28.43 10.60 1.10 1.00
1.00 0.00 41.92 12.75 1.10 1.00
1.00 0.00 44.10 12.75 1.10 1.00
1.00 0.00 46.27 12.75 1.10 1.00
1.00 2.00 48.45 10.60 1.10 1.00
1.00 0.00 41.92 8.45 1.10 1.00
1.00 0.00 44.10 8.45 1.10 1.00
1.00 0.00 46.27 8.45 1.10 1.00
1.00 2.00 39.74 10.60 1.10 1.00
1.00 0.00 53.52 12.75 1.10 1.00
1.00 0.00 55.50 12.75 1.10 1.00
1.00 0.00 57.47 12.75 1.10 1.00
1.00 2.00 59.45 10.60 1.10 1.00
1.00 0.00 53.52 8.45 1.10 1.00
1.00 0.00 55.50 8.45 1.10 1.00
1.00 0.00 57.47 8.45 1.10 1.00
1.00 2.00 51.55 10.60 1.10 1.00
1.00 0.00 63.93 12.75 1.10 1.00
1.00 0.00 66.31 12.75 1.10 1.00
1.00 0.00 68.69 12.75 1.10 1.00
1.00 0.00 71.07 12.75 1.10 1.00
1.00 2.00 73.45 10.60 1.10 1.00
1.00 0.00 63.93 8.45 1.10 1.00
1.00 0.00 66.31 8.45 1.10 1.00
1.00 0.00 68.69 8.45 1.10 1.00
1.00 0.00 71.07 8.45 1.10 1.00
1.00 2.00 61.55 10.60 1.10 1.00
1.00 0.00 77.65 12.75 1.10 1.00
1.00 0.00 79.75 12.75 1.10 1.00
1.00 0.00 81.85 12.75 1.10 1.00
1.00 2.00 83.95 10.60 1.10 1.00
1.00 0.00 77.65 8.45 1.10 1.00
1.00 0.00 79.75 8.45 1.10 1.00
1.00 0.00 81.85 8.45 1.10 1.00
1.00 2.00 75.55 10.60 1.10 1.00
1.00 0.00 88.33 12.75 1.10 1.00
1.00 0.00 90.61 12.75 1.10 1.00
1.00 0.00 92.89 12.75 1.10 1.00
1.00 0.00 95.17 12.75 1.10 1.00
1.00 2.00 97.45 10.60 1.10 1.00
1.00 0.00 88.33 8.45 1.10 1.00
1.00 0.00 90.61 8.45 1.10 1.00
1.00 0.00 92.89 8.45 1.10 1.00
1.00 0.00 95.17 8.45 1.10 1.00
1.00 2.00 86.05 10.60 1.10 1.00
1.00 0.00 4.95 18.65 1.10 1.00
1.00 0.00 7.35 18.65 1.10 1.00
1.00 2.00 9.75 16.75 1.10 1.00
1.00 0.00 4.95 14.85 1.10 1.00
1.00 0.00 7.35 14.85 1.10 1.00
1.00 2.00 2.55 16.75 1.10 1.00
1.00 0.00 13.95 18.65 1.10 1.00
1.00 0.00 16.05 18.65 1.10 1.00
1.00 0.00 18.15 18.65 1.10 1.00
1.00 0.00 20.25 18.65 1.10 1.00
1.00 0.00 22.35 18.65 1.10 1.00
1.00 2.00 24.45 16.75 1.10 1.00
1.00 0.00 13.95 14.85 1.10 1.00
1.00 0.00 16.05 14.85 1.10 1.00
1.00 0.00 18.15 14.85 1.10 1.00
1.00 0.00 20.25 14.85 1.10 1.00
1.00 0.00 22.35 14.85 1.10 1.00
1.00 2.00 11.85 16.75 1.10 1.00
1.00 0.00 28.48 18.65 1.10 1.00
1.00 0.00 30.40 18.65 1.10 1.00
1.00 0.00 32.32 18.65 1.10 1.00
1.00 2.00 34.25 16.75 1.10 1.00
1.00 0.00 28.48 14.85 1.10 1.00
1.00 0.00 30.40 14.85 1.10 1.00
1.00 0.00 32.32 14.85 1.10 1.00
1.00 2.00 26.55 16.75 1.10 1.00
1.00 0.00 38.77 18.65 1.10 1.00
1.00 0.00 41.19 18.65 1.10 1.00
1.00 0.00 43.61 18.65 1.10 1.00
1.00 0.00 46.03 18.65 1.10 1.00
1.00 2.00 48.45 16.75 1.10 1.00
1.00 0.00 38.77 14.85 1.10 1.00
1.00 0.00 41.19 14.85 1.10 1.00
1.00 0.00 43.61 14.85 1.10 1.00
1.00 0.00 46.03 14.85 1.10 1.00
1.00 2.00 36.35 16.75 1.10 1.00
1.00 0.00 53.95 18.65 1.10 1.00
1.00 0.00 56.35 18.65 1.10 1.00
1.00 2.00 58.75 16.75 1.10 1.00
1.00 0.00 53.95 14.85 1.10 1.00
1.00 0.00 56.35 14.85 1.10 1.00
1.00 2.00 51.55 16.75 1.10 1.00
1.00 0.00 63.04 18.65 1.10 1.00
1.00 0.00 65.24 18.65 1.10 1.00
1.00 0.00 67.43 18.65 1.10 1.00
1.00 0.00 69.62 18.65 1.10 1.00
1.00 2.00 71.82 16.75 1.10 1.00
1.00 0.00 63.04 14.85 1.10 1.00
1.00 0.00 65.24 14.85 1.10 1.00
1.00 0.00 67.43 14.85 1.10 1.00
1.00 0.00 69.62 14.85 1.10 1.00
1.00 2.00 60.85 16.75 1.10 1.00
1.00 0.00 76.13 18.65 1.10 1.00
1.00 2.00 78.35 16.75 1.10 1.00
1.00 0.00 76.13 14.85 1.10 1.00
1.00 2.00 73.92 16.75 1.10 1.00
1.00 0.00 82.64 18.65 1.10 1.00
1.00 0.00 84.84 18.65 1.10 1.00
1.00 0.00 87.03 18.65 1.10 1.00
1.00 0.00 89.22 18.65 1.10 1.00
1.00 2.00 91.42 16.75 1.10 1.00
1.00 0.00 82.64 14.85 1.10 1.00
1.00 0.00 84.84 14.85 1.10 1.00
1.00 0.00 87.03 14.85 1.10 1.00
1.00 0.00 89.22 14.85 1.10 1.00
1.00 2.00 80.45 16.75 1.10 1.00
1.00 0.00 95.48 18.65 1.10 1.00
1.00 2.00 97.45 16.75 1.10 1.00
1.00 0.00 95.48 14.85 1.10 1.00
1.00 2.00 93.52 16.75 1.10 1.00
1.00 0.00 4.53 26.35 1.10 1.00
1.00 0.00 6.50 26.35 1.10 1.00
1.00 0.00 8.48 26.35 1.10 1.00
1.00 2.00 10.45 24.05 1.10 1.00
1.00 0.00 4.53 21.75 1.10 1.00
1.00 0.00 6.50 21.75 1.10 1.00
1.00 0.00 8.48 21.75 1.10 1.00
1.00 2.00 2.55 24.05 1.10 1.00
1.00 0.00 14.65 26.35 1.10 1.00
1.00 0.00 16.75 26.35 1.10 1.00
1.00 0.00 18.85 26.35 1.10 1.00
1.00 2.00 20.95 24.05 1.10 1.00
1.00 0.00 14.65 21.75 1.10 1.00
1.00 0.00 16.75 21.75 1.10 1.00
1.00 0.00 18.85 21.75 1.10 1.00
1.00 2.00 12.55 24.05 1.10 1.00
1.00 0.00 25.43 26.35 1.10 1.00
1.00 0.00 27.81 26.35 1.10 1.00
1.00 0.00 30.19 26.35 1.10 1.00
1.00 0.00 32.57 26.35 1.10 1.00
1.00 2.00 34.95 24.05 1.10 1.00
1.00 0.00 25.43 21.75 1.10 1.00
1.00 0.00 27.81 21.75 1.10 1.00
1.00 0.00 30.19 21.75 1.10 1.00
1.00 0.00 32.57 21.75 1.10 1.00
1.00 2.00 23.05 24.05 1.10 1.00
1.00 0.00 39.33 26.35 1.10 1.00
1.00 0.00 41.61 26.35 1.10 1.00
1.00 0.00 43.89 26.35 1.10 1.00
1.00 0.00 46.17 26.35 1.10 1.00
1.00 2.00 48.45 24.05 1.10 1.00
1.00 0.00 39.33 21.75 1.10 1.00
1.00 0.00 41.61 21.75 1.10 1.00
1.00 0.00 43.89 21.75 1.10 1.00
1.00 0.00 46.17 21.75 1.10 1.00
1.00 2.00 37.05 24.05 1.10 1.00
1.00 0.00 53.62 26.35 1.10 1.00
1.00 0.00 55.69 26.35 1.10 1.00
1.00 0.00 57.77 26.35 1.10 1.00
1.00 2.00 59.84 24.05 1.10 1.00
1.00 0.00 53.62 21.75 1.10 1.00
1.00 0.00 55.69 21.75 1.10 1.00
1.00 0.00 57.77 21.75 1.10 1.00
1.00 2.00 51.55 24.05 1.10 1.00
1.00 0.00 64.14 26.35 1.10 1.00
1.00 0.00 66.33 26.35 1.10 1.00
1.00 0.00 68.53 26.35 1.10 1.00
1.00 2.00 70.73 24.05 1.10 1.00
1.00 0.00 64.14 21.75 1.10 1.00
1.00 0.00 66.33 21.75 1.10 1.00
1.00 0.00 68.53 21.75 1.10 1.00
1.00 2.00 61.94 24.05 1.10 1.00
1.00 0.00 75.20 26.35 1.10 1.00
1.00 0.00 77.57 26.35 1.10 1.00
1.00 0.00 79.94 26.35 1.10 1.00
1.00 0.00 82.32 26.35 1.10 1.00
1.00 0.00 84.69 26.35 1.10 1.00
1.00 2.00 87.06 24.05 1.10 1.00
1.00 0.00 75.20 21.75 1.10 1.00
1.00 0.00 77.57 21.75 1.10 1.00
1.00 0.00 79.94 21.75 1.10 1.00
1.00 0.00 82.32 21.75 1.10 1.00
1.00 0.00 84.69 21.75 1.10 1.00
1.00 2.00 72.83 24.05 1.10 1.00
1.00 0.00 91.23 26.35 1.10 1.00
1.00 0.00 93.31 26.35 1.10 1.00
1.00 0.00 95.38 26.35 1.10 1.00
1.00 2.00 97.45 24.05 1.10 1.00
1.00 0.00 91.23 21.75 1.10 1.00
1.00 0.00 93.31 21.75 1.10 1.00
1.00 0.00 95.38 21.75 1.10 1.00
1.00 2.00 89.16 24.05 1.10 1.00
1.00 0.00 4.83 33.55 1.10 1.00
1.00 0.00 7.11 33.55 1.10 1.00
1.00 0.00 9.39 33.55 1.10 1.00
1.00 0.00 11.67 33.55 1.10 1.00
1.00 2.00 13.95 30.15 1.10 1.00
1.00 2.00 13.95 31.85 1.10 1.00
1.00 0.00 4.83 28.45 1.10 1.00
1.00 0.00 7.11 28.45 1.10 1.00
1.00 0.00 9.39 28.45 1.10 1.00
1.00 0.00 11.67 28.45 1.10 1.00
1.00 2.00 2.55 30.15 1.10 1.00
1.00 2.00 2.55 31.85 1.10 1.00
1.00 0.00 18.50 33.55 1.10 1.00
1.00 2.00 20.95 30.15 1.10 1.00
1.00 2.00 20.95 31.85 1.10 1.00
1.00 0.00 18.50 28.45 1.10 1.00
1.00 2.00 16.05 30.15 1.10 1.00
1.00 2.00 16.05 31.85 1.10 1.00
1.00 0.00 25.50 33.55 1.10 1.00
1.00 2.00 27.95 30.15 1.10 1.00
1.00 2.00 27.95 31.85 1.10 1.00
1.00 0.00 25.50 28.45 1.10 1.00
1.00 2.00 23.05 30.15 1.10 1.00
1.00 2.00 23.05 31.85 1.10 1.00
1.00 0.00 32.50 33.55 1.10 1.00
1.00 2.00 34.95 30.15 1.10 1.00
1.00 2.00 34.95 31.85 1.10 1.00
1.00 0.00 32.50 28.45 1.10 1.00
1.00 2.00 30.05 30.15 1.10 1.00
1.00 2.00 30.05 31.85 1.10 1.00
1.00 0.00 39.33 33.55 1.10 1.00
1.00 0.00 41.61 33.55 1.10 1.00
1.00 0.00 43.89 33.55 1.10 1.00
1.00 0.00 46.17 33.55 1.10 1.00
1.00 2.00 48.45 30.15 1.10 1.00
1.00 2.00 48.45 31.85 1.10 1.00
1.00 0.00 39.33 28.45 1.10 1.00
1.00 0.00 41.61 28.45 1.10 1.00
1.00 0.00 43.89 28.45 1.10 1.00
1.00 0.00 46.17 28.45 1.10 1.00
1.00 2.00 37.05 30.15 1.10 1.00
1.00 2.00 37.05 31.85 1.10 1.00
1.00 0.00 53.13 33.55 1.10 1.00
1.00 2.00 54.71 30.15 1.10 1.00
1.00 2.00 54.71 31.85 1.10 1.00
1.00 0.00 53.13 28.45 1.10 1.00
1.00 2.00 51.55 30.15 1.10 1.00
1.00 2.00 51.55 31.85 1.10 1.00
1.00 0.00 59.00 33.55 1.10 1.00
1.00 0.00 61.18 33.55 1.10 1.00
1.00 2.00 63.36 30.15 1.10 1.00
1.00 2.00 63.36 31.85 1.10 1.00
1.00 0.00 59.00 28.45 1.10 1.00
1.00 0.00 61.18 28.45 1.10 1.00
1.00 2.00 56.81 30.15 1.10 1.00
1.00 2.00 56.81 31.85 1.10 1.00
1.00 0.00 67.29 33.55 1.10 1.00
1.00 2.00 69.13 30.15 1.10 1.00
1.00 2.00 69.13 31.85 1.10 1.00
1.00 0.00 67.29 28.45 1.10 1.00
1.00 2.00 65.46 30.15 1.10 1.00
1.00 2.00 65.46 31.85 1.10 1.00
1.00 0.00 73.06 33.55 1.10 1.00
1.00 2.00 74.89 30.15 1.10 1.00
1.00 2.00 74.89 31.85 1.10 1.00
1.00 0.00 73.06 28.45 1.10 1.00
1.00 2.00 71.23 30.15 1.10 1.00
1.00 2.00 71.23 31.85 1.10 1.00
1.00 0.00 79.35 33.55 1.10 1.00
1.00 0.00 81.71 33.55 1.10 1.00
1.00 0.00 84.06 33.55 1.10 1.00
1.00 2.00 86.42 30.15 1.10 1.00
1.00 2.00 86.42 31.85 1.10 1.00
1.00 0.00 79.35 28.45 1.10 1.00
1.00 0.00 81.71 28.45 1.10 1.00
1.00 0.00 84.06 28.45 1.10 1.00
1.00 2.00 76.99 30.15 1.10 1.00
1.00 2.00 76.99 31.85 1.10 1.00
1.00 0.00 90.75 33.55 1.10 1.00
1.00 0.00 92.99 33.55 1.10 1.00
1.00 0.00 95.22 33.55 1.10 1.00
1.00 2.00 97.45 30.15 1.10 1.00
1.00 2.00 97.45 31.85 1.10 1.00
1.00 0.00 90.75 28.45 1.10 1.00
1.00 0.00 92.99 28.45 1.10 1.00
1.00 0.00 95.22 28.45 1.10 1.00
1.00 2.00 88.52 30.15 1.10 1.00
1.00 2.00 88.52 31.85 1.10 1.00
1.00 0.00 4.95 40.75 1.10 1.00
1.00 0.00 7.35 40.75 1.10 1.00
1.00 2.00 9.75 37.35 1.10 1.00
1.00 2.00 9.75 39.05 1.10 1.00
1.00 0.00 4.95 35.65 1.10 1.00
1.00 0.00 7.35 35.65 1.10 1.00
1.00 2.00 2.55 37.35 1.10 1.00
1.00 2.00 2.55 39.05 1.10 1.00
1.00 0.00 14.07 40.75 1.10 1.00
1.00 2.00 16.28 37.35 1.10 1.00
1.00 2.00 16.28 39.05 1.10 1.00
1.00 0.00 14.07 35.65 1.10 1.00
1.00 2.00 11.85 37.35 1.10 1.00
1.00 2.00 11.85 39.05 1.10 1.00
1.00 0.00 20.31 40.75 1.10 1.00
1.00 0.00 22.23 40.75 1.10 1.00
1.00 0.00 24.16 40.75 1.10 1.00
1.00 2.00 26.08 37.35 1.10 1.00
1.00 2.00 26.08 39.05 1.10 1.00
1.00 0.00 20.31 35.65 1.10 1.00
1.00 0.00 22.23 35.65 1.10 1.00
1.00 0.00 24.16 35.65 1.10 1.00
1.00 2.00 18.38 37.35 1.10 1.00
1.00 2.00 18.38 39.05 1.10 1.00
1.00 0.00 30.11 40.75 1.10 1.00
1.00 0.00 32.03 40.75 1.10 1.00
1.00 0.00 33.96 40.75 1.10 1.00
1.00 2.00 35.88 37.35 1.10 1.00
1.00 2.00 35.88 39.05 1.10 1.00
1.00 0.00 30.11 35.65 1.10 1.00
1.00 0.00 32.03 35.65 1.10 1.00
1.00 0.00 33.96 35.65 1.10 1.00
1.00 2.00 28.18 37.35 1.10 1.00
1.00 2.00 28.18 39.05 1.10 1.00
1.00 0.00 40.08 40.75 1.10 1.00
1.00 0.00 42.17 40.75 1.10 1.00
1.00 0.00 44.26 40.75 1.10 1.00
1.00 0.00 46.36 40.75 1.10 1.00
1.00 2.00 48.45 37.35 1.10 1.00
1.00 2.00 48.45 39.05 1.10 1.00
1.00 0.00 40.08 35.65 1.10 1.00
1.00 0.00 42.17 35.65 1.10 1.00
1.00 0.00 44.26 35.65 1.10 1.00
1.00 0.00 46.36 35.65 1.10 1.00
1.00 2.00 37.98 37.35 1.10 1.00
1.00 2.00 37.98 39.05 1.10 1.00
1.00 0.00 53.26 40.75 1.10 1.00
1.00 0.00 54.97 40.75 1.10 1.00
1.00 2.00 56.69 37.35 1.10 1.00
1.00 2.00 56.69 39.05 1.10 1.00
1.00 0.00 53.26 35.65 1.10 1.00
1.00 0.00 54.97 35.65 1.10 1.00
1.00 2.00 51.55 37.35 1.10 1.00
1.00 2.00 51.55 39.05 1.10 1.00
1.00 0.00 60.84 40.75 1.10 1.00
1.00 0.00 62.89 40.75 1.10 1.00
1.00 0.00 64.95 40.75 1.10 1.00
1.00 2.00 67.00 37.35 1.10 1.00
1.00 2.00 67.00 39.05 1.10 1.00
1.00 0.00 60.84 35.65 1.10 1.00
1.00 0.00 62.89 35.65 1.10 1.00
1.00 0.00 64.95 35.65 1.10 1.00
1.00 2.00 58.79 37.35 1.10 1.00
1.00 2.00 58.79 39.05 1.10 1.00
1.00 0.00 71.16 40.75 1.10 1.00
1.00 0.00 73.21 40.75 1.10 1.00
1.00 0.00 75.26 40.75 1.10 1.00
1.00 2.00 77.32 37.35 1.10 1.00
1.00 2.00 77.32 39.05 1.10 1.00
1.00 0.00 71.16 35.65 1.10 1.00
1.00 0.00 73.21 35.65 1.10 1.00
1.00 0.00 75.26 35.65 1.10 1.00
1.00 2.00 69.10 37.35 1.10 1.00
1.00 2.00 69.10 39.05 1.10 1.00
1.00 0.00 80.95 40.75 1.10 1.00
1.00 2.00 82.48 37.35 1.10 1.00
1.00 2.00 82.48 39.05 1.10 1.00
1.00 0.00 80.95 35.65 1.10 1.00
1.00 2.00 79.42 37.35 1.10 1.00
1.00 2.00 79.42 39.05 1.10 1.00
1.00 0.00 86.11 40.75 1.10 1.00
1.00 2.00 87.63 37.35 1.10 1.00
1.00 2.00 87.63 39.05 1.10 1.00
1.00 0.00 86.11 35.65 1.10 1.00
1.00 2.00 84.58 37.35 1.10 1.00
1.00 2.00 84.58 39.05 1.10 1.00
1.00 0.00 91.66 40.75 1.10 1.00
1.00 0.00 93.59 40.75 1.10 1.00
1.00 0.00 95.52 40.75 1.10 1.00
1.00 2.00 97.45 37.35 1.10 1.00
1.00 2.00 97.45 39.05 1.10 1.00
1.00 0.00 91.66 35.65 1.10 1.00
1.00 0.00 93.59 35.65 1.10 1.00
1.00 0.00 95.52 35.65 1.10 1.00
1.00 2.00 89.73 37.35 1.10 1.00
1.00 2.00 89.73 39.05 1.10 1.00
1.00 0.00 5.05 47.45 1.10 1.00
1.00 0.00 7.54 47.45 1.10 1.00
1.00 0.00 10.04 47.45 1.10 1.00
1.00 0.00 12.53 47.45 1.10 1.00
1.00 2.00 15.03 45.15 1.10 1.00
1.00 0.00 5.05 42.85 1.10 1.00
1.00 0.00 7.54 42.85 1.10 1.00
1.00 0.00 10.04 42.85 1.10 1.00
1.00 0.00 12.53 42.85 1.10 1.00
1.00 2.00 2.55 45.15 1.10 1.00
1.00 0.00 19.43 47.45 1.10 1.00
1.00 0.00 21.73 47.45 1.10 1.00
1.00 0.00 24.03 47.45 1.10 1.00
1.00 2.00 26.33 45.15 1.10 1.00
1.00 0.00 19.43 42.85 1.10 1.00
1.00 0.00 21.73 42.85 1.10 1.00
1.00 0.00 24.03 42.85 1.10 1.00
1.00 2.00 17.13 45.15 1.10 1.00
1.00 0.00 30.25 47.45 1.10 1.00
1.00 0.00 32.06 47.45 1.10 1.00
1.00 2.00 33.87 45.15 1.10 1.00
1.00 0.00 30.25 42.85 1.10 1.00
1.00 0.00 32.06 42.85 1.10 1.00
1.00 2.00 28.43 45.15 1.10 1.00
1.00 0.00 38.47 47.45 1.10 1.00
1.00 0.00 40.96 47.45 1.10 1.00
1.00 0.00 43.46 47.45 1.10 1.00
1.00 0.00 45.95 47.45 1.10 1.00
1.00 2.00 48.45 45.15 1.10 1.00
1.00 0.00 38.47 42.85 1.10 1.00
1.00 0.00 40.96 42.85 1.10 1.00
1.00 0.00 43.46 42.85 1.10 1.00
1.00 0.00 45.95 42.85 1.10 1.00
1.00 2.00 35.97 45.15 1.10 1.00
1.00 0.00 53.95 47.45 1.10 1.00
1.00 0.00 56.35 47.45 1.10 1.00
1.00 2.00 58.75 45.15 1.10 1.00
1.00 0.00 53.95 42.85 1.10 1.00
1.00 0.00 56.35 42.85 1.10 1.00
1.00 2.00 51.55 45.15 1.10 1.00
1.00 0.00 62.77 47.45 1.10 1.00
1.00 0.00 64.70 47.45 1.10 1.00
1.00 0.00 66.62 47.45 1.10 1.00
1.00 2.00 68.55 45.15 1.10 1.00
1.00 0.00 62.77 42.85 1.10 1.00
1.00 0.00 64.70 42.85 1.10 1.00
1.00 0.00 66.62 42.85 1.10 1.00
1.00 2.00 60.85 45.15 1.10 1.00
1.00 0.00 72.57 47.45 1.10 1.00
1.00 0.00 74.50 47.45 1.10 1.00
1.00 0.00 76.42 47.45 1.10 1.00
1.00 2.00 78.35 45.15 1.10 1.00
1.00 0.00 72.57 42.85 1.10 1.00
1.00 0.00 74.50 42.85 1.10 1.00
1.00 0.00 76.42 42.85 1.10 1.00
1.00 2.00 70.65 45.15 1.10 1.00
1.00 0.00 82.88 47.45 1.10 1.00
1.00 0.00 85.31 47.45 1.10 1.00
1.00 0.00 87.74 47.45 1.10 1.00
1.00 0.00 90.16 47.45 1.10 1.00
1.00 0.00 92.59 47.45 1.10 1.00
1.00 0.00 95.02 47.45 1.10 1.00
1.00 2.00 97.45 45.15 1.10 1.00
1.00 0.00 82.88 42.85 1.10 1.00
1.00 0.00 85.31 42.85 1.10 1.00
1.00 0.00 87.74 42.85 1.10 1.00
1.00 0.00 90.16 42.85 1.10 1.00
1.00 0.00 92.59 42.85 1.10 1.00
1.00 0.00 95.02 42.85 1.10 1.00
1.00 2.00 80.45 45.15 1.10 1.00
2.00 0.00 70.88 -0.55 1.10 1.00
2.00 0.00 72.26 -0.55 1.10 1.00
2.00 0.00 73.64 -0.55 1.10 1.00
2.00 0.00 75.02 -0.55 1.10 1.00
2.00 0.00 76.40 -0.55 1.10 1.00
2.00 0.00 77.79 -0.55 1.10 1.00
2.00 0.00 79.17 -0.55 1.10 1.00
2.00 0.00 80.55 -0.55 1.10 1.00
2.00 0.00 81.93 -0.55 1.10 1.00
2.00 0.00 83.31 -0.55 1.10 1.00
2.00 0.00 84.69 -0.55 1.10 1.00
2.00 0.00 86.07 -0.55 1.10 1.00
2.00 0.00 87.45 -0.55 1.10 1.00
2.00 0.00 88.83 -0.55 1.10 1.00
2.00 0.00 90.21 -0.55 1.10 1.00
2.00 0.00 91.60 -0.55 1.10 1.00
2.00 0.00 92.98 -0.55 1.10 1.00
2.00 0.00 94.36 -0.55 1.10 1.00
2.00 0.00 95.74 -0.55 1.10 1.00
2.00 0.00 97.12 -0.55 1.10 1.00
2.00 0.00 70.88 50.55 1.10 1.00
2.00 0.00 72.26 50.55 1.10 1.00
2.00 0.00 73.64 50.55 1.10 1.00
2.00 0.00 75.02 50.55 1.10 1.00
2.00 0.00 76.40 50.55 1.10 1.00
2.00 0.00 77.79 50.55 1.10 1.00
2.00 0.00 79.17 50.55 1.10 1.00
2.00 0.00 80.55 50.55 1.10 1.00
2.00 0.00 81.93 50.55 1.10 1.00
2.00 0.00 83.31 50.55 1.10 1.00
2.00 0.00 84.69 50.55 1.10 1.00
2.00 0.00 86.07 50.55 1.10 1.00
2.00 0.00 87.45 50.55 1.10 1.00
2.00 0.00 88.83 50.55 1.10 1.00
2.00 0.00 90.21 50.55 1.10 1.00
2.00 0.00 91.60 50.55 1.10 1.00
2.00 0.00 92.98 50.55 1.10 1.00
2.00 0.00 94.36 50.55 1.10 1.00
2.00 0.00 95.74 50.55 1.10 1.00
2.00 0.00 97.12 50.55 1.10 1.00
3.00 0.00 32.00 -0.55 1.10 1.00
3.00 0.00 33.50 -0.55 1.10 1.00
3.00 0.00 35.00 -0.55 1.10 1.00
3.00 0.00 36.50 -0.55 1.10 1.00
3.00 0.00 38.00 -0.55 1.10 1.00
3.00 0.00 39.50 -0.55 1.10 1.00
3.00 0.00 41.00 -0.55 1.10 1.00
3.00 0.00 42.50 -0.55 1.10 1.00
3.00 0.00 44.00 -0.55 1.10 1.00
3.00 0.00 45.50 -0.55 1.10 1.00
3.00 0.00 47.00 -0.55 1.10 1.00
3.00 0.00 48.50 -0.55 1.10 1.00
3.00 0.00 50.00 -0.55 1.10 1.00
3.00 0.00 51.50 -0.55 1.10 1.00
3.00 0.00 53.00 -0.55 1.10 1.00
3.00 0.00 54.50 -0.55 1.10 1.00
3.00 0.00 56.00 -0.55 1.10 1.00
3.00 0.00 57.50 -0.55 1.10 1.00
3.00 0.00 59.00 -0.55 1.10 1.00
3.00 0.00 60.50 -0.55 1.10 1.00
3.00 0.00 62.00 -0.55 1.10 1.00
3.00 0.00 63.50 -0.55 1.10 1.00
3.00 0.00 65.00 -0.55 1.10 1.00
3.00 0.00 66.50 -0.55 1.10 1.00
3.00 0.00 68.00 -0.55 1.10 1.00
3.00 0.00 32.00 -2.45 1.10 1.00
3.00 0.00 33.50 -2.45 1.10 1.00
3.00 0.00 35.00 -2.45 1.10 1.00
3.00 0.00 36.50 -2.45 1.10 1.00
3.00 0.00 38.00 -2.45 1.10 1.00
3.00 0.00 39.50 -2.45 1.10 1.00
3.00 0.00 41.00 -2.45 1.10 1.00
3.00 0.00 42.50 -2.45 1.10 1.00
3.00 0.00 44.00 -2.45 1.10 1.00
3.00 0.00 45.50 -2.45 1.10 1.00
3.00 0.00 47.00 -2.45 1.10 1.00
3.00 0.00 48.50 -2.45 1.10 1.00
3.00 0.00 50.00 -2.45 1.10 1.00
3.00 0.00 51.50 -2.45 1.10 1.00
3.00 0.00 53.00 -2.45 1.10 1.00
3.00 0.00 54.50 -2.45 1.10 1.00
3.00 0.00 56.00 -2.45 1.10 1.00
3.00 0.00 57.50 -2.45 1.10 1.00
3.00 0.00 59.00 -2.45 1.10 1.00
3.00 0.00 60.50 -2.45 1.10 1.00
3.00 0.00 62.00 -2.45 1.10 1.00
3.00 0.00 63.50 -2.45 1.10 1.00
3.00 0.00 65.00 -2.45 1.10 1.00
3.00 0.00 66.50 -2.45 1.10 1.00
3.00 0.00 68.00 -2.45 1.10 1.00
3.00 0.00 32.00 -4.35 1.10 1.00
3.00 0.00 33.50 -4.35 1.10 1.00
3.00 0.00 35.00 -4.35 1.10 1.00
3.00 0.00 36.50 -4.35 1.10 1.00
3.00 0.00 38.00 -4.35 1.10 1.00
3.00 0.00 39.50 -4.35 1.10 1.00
3.00 0.00 41.00 -4.35 1.10 1.00
3.00 0.00 42.50 -4.35 1.10 1.00
3.00 0.00 44.00 -4.35 1.10 1.00
3.00 0.00 45.50 -4.35 1.10 1.00
3.00 0.00 47.00 -4.35 1.10 1.00
3.00 0.00 48.50 -4.35 1.10 1.00
3.00 0.00 50.00 -4.35 1.10 1.00
3.00 0.00 51.50 -4.35 1.10 1.00
3.00 0.00 53.00 -4.35 1.10 1.00
3.00 0.00 54.50 -4.35 1.10 1.00
3.00 0.00 56.00 -4.35 1.10 1.00
3.00 0.00 57.50 -4.35 1.10 1.00
3.00 0.00 59.00 -4.35 1.10 1.00
3.00 0.00 60.50 -4.35 1.10 1.00
3.00 0.00 62.00 -4.35 1.10 1.00
3.00 0.00 63.50 -4.35 1.10 1.00
3.00 0.00 65.00 -4.35 1.10 1.00
3.00 0.00 66.50 -4.35 1.10 1.00
3.00 0.00 68.00 -4.35 1.10 1.00
3.00 0.00 32.00 -6.25 1.10 1.00
3.00 0.00 33.50 -6.25 1.10 1.00
3.00 0.00 35.00 -6.25 1.10 1.00
3.00 0.00 36.50 -6.25 1.10 1.00
3.00 0.00 38.00 -6.25 1.10 1.00
3.00 0.00 39.50 -6.25 1.10 1.00
3.00 0.00 41.00 -6.25 1.10 1.00
3.00 0.00 42.50 -6.25 1.10 1.00
3.00 0.00 44.00 -6.25 1.10 1.00
3.00 0.00 45.50 -6.25 1.10 1.00
3.00 0.00 47.00 -6.25 1.10 1.00
3.00 0.00 48.50 -6.25 1.10 1.00
3.00 0.00 50.00 -6.25 1.10 1.00
3.00 0.00 51.50 -6.25 1.10 1.00
3.00 0.00 53.00 -6.25 1.10 1.00
3.00 0.00 54.50 -6.25 1.10 1.00
3.00 0.00 56.00 -6.25 1.10 1.00
3.00 0.00 57.50 -6.25 1.10 1.00
3.00 0.00 59.00 -6.25 1.10 1.00
3.00 0.00 60.50 -6.25 1.10 1.00
3.00 0.00 62.00 -6.25 1.10 1.00
3.00 0.00 63.50 -6.25 1.10 1.00
3.00 0.00 65.00 -6.25 1.10 1.00
3.00 0.00 66.50 -6.25 1.10 1.00
3.00 0.00 68.00 -6.25 1.10 1.00
3.00 0.00 32.00 -8.15 1.10 1.00
3.00 0.00 33.50 -8.15 1.10 1.00
3.00 0.00 35.00 -8.15 1.10 1.00
3.00 0.00 36.50 -8.15 1.10 1.00
3.00 0.00 38.00 -8.15 1.10 1.00
3.00 0.00 39.50 -8.15 1.10 1.00
3.00 0.00 41.00 -8.15 1.10 1.00
3.00 0.00 42.50 -8.15 1.10 1.00
3.00 0.00 44.00 -8.15 1.10 1.00
3.00 0.00 45.50 -8.15 1.10 1.00
3.00 0.00 47.00 -8.15 1.10 1.00
3.00 0.00 48.50 -8.15 1.10 1.00
3.00 0.00 50.00 -8.15 1.10 1.00
3.00 0.00 51.50 -8.15 1.10 1.00
3.00 0.00 53.00 -8.15 1.10 1.00
3.00 0.00 54.50 -8.15 1.10 1.00
3.00 0.00 56.00 -8.15 1.10 1.00
3.00 0.00 57.50 -8.15 1.10 1.00
3.00 0.00 59.00 -8.15 1.10 1.00
3.00 0.00 60.50 -8.15 1.10 1.00
3.00 0.00 62.00 -8.15 1.10 1.00
3.00 0.00 63.50 -8.15 1.10 1.00
3.00 0.00 65.00 -8.15 1.10 1.00
3.00 0.00 66.50 -8.15 1.10 1.00
3.00 0.00 68.00 -8.15 1.10 1.00
3.00 0.00 32.00 50.55 1.10 1.00
3.00 0.00 33.50 50.55 1.10 1.00
3.00 0.00 35.00 50.55 1.10 1.00
3.00 0.00 36.50 50.55 1.10 1.00
3.00 0.00 38.00 50.55 1.10 1.00
3.00 0.00 39.50 50.55 1.10 1.00
3.00 0.00 41.00 50.55 1.10 1.00
3.00 0.00 42.50 50.55 1.10 1.00
3.00 0.00 44.00 50.55 1.10 1.00
3.00 0.00 45.50 50.55 1.10 1.00
3.00 0.00 47.00 50.55 1.10 1.00
3.00 0.00 48.50 50.55 1.10 1.00
3.00 0.00 50.00 50.55 1.10 1.00
3.00 0.00 51.50 50.55 1.10 1.00
3.00 0.00 53.00 50.55 1.10 1.00
3.00 0.00 54.50 50.55 1.10 1.00
3.00 0.00 56.00 50.55 1.10 1.00
3.00 0.00 57.50 50.55 1.10 1.00
3.00 0.00 59.00 50.55 1.10 1.00
3.00 0.00 60.50 50.55 1.10 1.00
3.00 0.00 62.00 50.55 1.10 1.00
3.00 0.00 63.50 50.55 1.10 1.00
3.00 0.00 65.00 50.55 1.10 1.00
3.00 0.00 66.50 50.55 1.10 1.00
3.00 0.00 68.00 50.55 1.10 1.00
3.00 0.00 32.00 52.45 1.10 1.00
3.00 0.00 33.50 52.45 1.10 1.00
3.00 0.00 35.00 52.45 1.10 1.00
3.00 0.00 36.50 52.45 1.10 1.00
3.00 0.00 38.00 52.45 1.10 1.00
3.00 0.00 39.50 52.45 1.10 1.00
3.00 0.00 41.00 52.45 1.10 1.00
3.00 0.00 42.50 52.45 1.10 1.00
3.00 0.00 44.00 52.45 1.10 1.00
3.00 0.00 45.50 52.45 1.10 1.00
3.00 0.00 47.00 52.45 1.10 1.00
3.00 0.00 48.50 52.45 1.10 1.00
3.00 0.00 50.00 52.45 1.10 1.00
3.00 0.00 51.50 52.45 1.10 1.00
3.00 0.00 53.00 52.45 1.10 1.00
3.00 0.00 54.50 52.45 1.10 1.00
3.00 0.00 56.00 52.45 1.10 1.00
3.00 0.00 57.50 52.45 1.10 1.00
3.00 0.00 59.00 52.45 1.10 1.00
3.00 0.00 60.50 52.45 1.10 1.00
3.00 0.00 62.00 52.45 1.10 1.00
3.00 0.00 63.50 52.45 1.10 1.00
3.00 0.00 65.00 52.45 1.10 1.00
3.00 0.00 66.50 52.45 1.10 1.00
3.00 0.00 68.00 52.45 1.10 1.00
3.00 0.00 32.00 54.35 1.10 1.00
3.00 0.00 33.50 54.35 1.10 1.00
3.00 0.00 35.00 54.35 1.10 1.00
3.00 0.00 36.50 54.35 1.10 1.00
3.00 0.00 38.00 54.35 1.10 1.00
3.00 0.00 39.50 54.35 1.10 1.00
3.00 0.00 41.00 54.35 1.10 1.00
3.00 0.00 42.50 54.35 1.10 1.00
3.00 0.00 44.00 54.35 1.10 1.00
3.00 0.00 45.50 54.35 1.10 1.00
3.00 0.00 47.00 54.35 1.10 1.00
3.00 0.00 48.50 54.35 1.10 1.00
3.00 0.00 50.00 54.35 1.10 1.00
3.00 0.00 51.50 54.35 1.10 1.00
3.00 0.00 53.00 54.35 1.10 1.00
3.00 0.00 54.50 54.35 1.10 1.00
3.00 0.00 56.00 54.35 1.10 1.00
3.00 0.00 57.50 54.35 1.10 1.00
3.00 0.00 59.00 54.35 1.10 1.00
3.00 0.00 60.50 54.35 1.10 1.00
3.00 0.00 62.00 54.35 1.10 1.00
3.00 0.00 63.50 54.35 1.10 1.00
3.00 0.00 65.00 54.35 1.10 1.00
3.00 0.00 66.50 54.35 1.10 1.00
3.00 0.00 68.00 54.35 1.10 1.00
3.00 0.00 32.00 56.25 1.10 1.00
3.00 0.00 33.50 56.25 1.10 1.00
3.00 0.00 35.00 56.25 1.10 1.00
3.00 0.00 36.50 56.25 1.10 1.00
3.00 0.00 38.00 56.25 1.10 1.00
3.00 0.00 39.50 56.25 1.10 1.00
3.00 0.00 41.00 56.25 1.10 1.00
3.00 0.00 42.50 56.25 1.10 1.00
3.00 0.00 44.00 56.25 1.10 1.00
3.00 0.00 45.50 56.25 1.10 1.00
3.00 0.00 47.00 56.25 1.10 1.00
3.00 0.00 48.50 56.25 1.10 1.00
3.00 0.00 50.00 56.25 1.10 1.00
3.00 0.00 51.50 56.25 1.10 1.00
3.00 0.00 53.00 56.25 1.10 1.00
3.00 0.00 54.50 56.25 1.10 1.00
3.00 0.00 56.00 56.25 1.10 1.00
3.00 0.00 57.50 56.25 1.10 1.00
3.00 0.00 59.00 56.25 1.10 1.00
3.00 0.00 60.50 56.25 1.10 1.00
3.00 0.00 62.00 56.25 1.10 1.00
3.00 0.00 63.50 56.25 1.10 1.00
3.00 0.00 65.00 56.25 1.10 1.00
3.00 0.00 66.50 56.25 1.10 1.00
3.00 0.00 68.00 56.25 1.10 1.00
3.00 0.00 32.00 58.15 1.10 1.00
3.00 0.00 33.50 58.15 1.10 1.00
3.00 0.00 35.00 58.15 1.10 1.00
3.00 0.00 36.50 58.15 1.10 1.00
3.00 0.00 38.00 58.15 1.10 1.00
3.00 0.00 39.50 58.15 1.10 1.00
3.00 0.00 41.00 58.15 1.10 1.00
3.00 0.00 42.50 58.15 1.10 1.00
3.00 0.00 44.00 58.15 1.10 1.00
3.00 0.00 45.50 58.15 1.10 1.00
3.00 0.00 47.00 58.15 1.10 1.00
3.00 0.00 48.50 58.15 1.10 1.00
3.00 0.00 50.00 58.15 1.10 1.00
3.00 0.00 51.50 58.15 1.10 1.00
3.00 0.00 53.00 58.15 1.10 1.00
3.00 0.00 54.50 58.15 1.10 1.00
3.00 0.00 56.00 58.15 1.10 1.00
3.00 0.00 57.50 58.15 1.10 1.00
3.00 0.00 59.00 58.15 1.10 1.00
3.00 0.00 60.50 58.15 1.10 1.00
3.00 0.00 62.00 58.15 1.10 1.00
3.00 0.00 63.50 58.15 1.10 1.00
3.00 0.00 65.00 58.15 1.10 1.00
3.00 0.00 66.50 58.15 1.10 1.00
3.00 0.00 68.00 58.15 1.10 1.00
4.00 0.00 2.88 -0.55 1.10 1.00
4.00 0.00 4.26 -0.55 1.10 1.00
4.00 0.00 5.64 -0.55 1.10 1.00
4.00 0.00 7.02 -0.55 1.10 1.00
4.00 0.00 8.40 -0.55 1.10 1.00
4.00 0.00 9.79 -0.55 1.10 1.00
4.00 0.00 11.17 -0.55 1.10 1.00
4.00 0.00 12.55 -0.55 1.10 1.00
4.00 0.00 13.93 -0.55 1.10 1.00
4.00 0.00 15.31 -0.55 1.10 1.00
4.00 0.00 16.69 -0.55 1.10 1.00
4.00 0.00 18.07 -0.55 1.10 1.00
4.00 0.00 19.45 -0.55 1.10 1.00
4.00 0.00 20.83 -0.55 1.10 1.00
4.00 0.00 22.21 -0.55 1.10 1.00
4.00 0.00 23.60 -0.55 1.10 1.00
4.00 0.00 24.98 -0.55 1.10 1.00
4.00 0.00 26.36 -0.55 1.10 1.00
4.00 0.00 27.74 -0.55 1.10 1.00
4.00 0.00 29.12 -0.55 1.10 1.00
4.00 0.00 2.88 50.55 1.10 1.00
4.00 0.00 4.26 50.55 1.10 1.00
4.00 0.00 5.64 50.55 1.10 1.00
4.00 0.00 7.02 50.55 1.10 1.00
4.00 0.00 8.40 50.55 1.10 1.00
4.00 0.00 9.79 50.55 1.10 1.00
4.00 0.00 11.17 50.55 1.10 1.00
4.00 0.00 12.55 50.55 1.10 1.00
4.00 0.00 13.93 50.55 1.10 1.00
4.00 0.00 15.31 50.55 1.10 1.00
4.00 0.00 16.69 50.55 1.10 1.00
4.00 0.00 18.07 50.55 1.10 1.00
4.00 0.00 19.45 50.55 1.10 1.00
4.00 0.00 20.83 50.55 1.10 1.00
4.00 0.00 22.21 50.55 1.10 1.00
4.00 0.00 23.60 50.55 1.10 1.00
4.00 0.00 24.98 50.55 1.10 1.00
4.00 0.00 26.36 50.55 1.10 1.00
4.00 0.00 27.74 50.55 1.10 1.00
4.00 0.00 29.12 50.55 1.10 1.00
