0.00 6.15 4.45 8.30 4.90
0.00 15.70 4.45 8.80 4.90
0.00 23.87 4.45 5.53 4.90
0.00 30.40 4.45 5.53 4.90
0.00 38.57 4.45 8.80 4.90
0.00 46.48 4.45 5.03 4.90
0.00 53.75 4.45 5.50 4.90
0.00 60.50 4.45 6.00 4.90
0.00 69.25 4.45 9.50 4.90
0.00 79.75 4.45 9.50 4.90
0.00 88.50 4.45 6.00 4.90
0.00 95.25 4.45 5.50 4.90
0.00 6.90 10.60 9.81 5.40
0.00 16.08 10.60 6.54 5.40
0.00 23.62 10.60 6.54 5.40
0.00 33.04 10.60 10.31 5.40
0.00 44.10 10.60 9.81 5.40
0.00 55.50 10.60 9.00 5.40
0.00 67.50 10.60 13.00 5.40
0.00 79.75 10.60 9.50 5.40
0.00 91.75 10.60 12.50 5.40
0.00 6.15 16.75 8.30 4.90
0.00 18.15 16.75 13.70 4.90
0.00 30.40 16.75 8.80 4.90
0.00 42.40 16.75 13.20 4.90
0.00 55.15 16.75 8.30 4.90
0.00 66.33 16.75 12.07 4.90
0.00 76.13 16.75 5.53 4.90
0.00 85.93 16.75 12.07 4.90
0.00 95.48 16.75 5.03 4.90
0.00 6.50 24.05 9.00 5.70
0.00 16.75 24.05 9.50 5.70
0.00 29.00 24.05 13.00 5.70
0.00 42.75 24.05 12.50 5.70
0.00 55.69 24.05 9.39 5.70
0.00 66.33 24.05 9.89 5.70
0.00 79.94 24.05 15.33 5.70
0.00 93.31 24.05 9.39 5.70
0.00 8.25 31.00 12.50 6.20
0.00 18.50 31.00 6.00 6.20
0.00 25.50 31.00 6.00 6.20
0.00 32.50 31.00 6.00 6.20
0.00 42.75 31.00 12.50 6.20
0.00 53.13 31.00 4.26 6.20
0.00 60.09 31.00 7.65 6.20
0.00 67.29 31.00 4.76 6.20
0.00 73.06 31.00 4.76 6.20
0.00 81.71 31.00 10.53 6.20
0.00 92.99 31.00 10.03 6.20
0.00 6.15 38.20 8.30 6.20
0.00 14.07 38.20 5.53 6.20
0.00 22.23 38.20 8.80 6.20
0.00 32.03 38.20 8.80 6.20
0.00 43.22 38.20 11.57 6.20
0.00 54.12 38.20 6.24 6.20
0.00 62.89 38.20 9.32 6.20
0.00 73.21 38.20 9.32 6.20
0.00 80.95 38.20 4.16 6.20
0.00 86.11 38.20 4.16 6.20
0.00 93.59 38.20 8.82 6.20
0.00 8.79 45.15 13.58 5.70
0.00 21.73 45.15 10.31 5.70
0.00 31.15 45.15 6.54 5.70
0.00 42.21 45.15 13.58 5.70
0.00 55.15 45.15 8.30 5.70
0.00 64.70 45.15 8.80 5.70
0.00 74.50 45.15 8.80 5.70
0.00 88.95 45.15 18.10 5.70
1.00 85.00 -5.00 30.00 10.00
1.00 85.00 55.00 30.00 10.00
2.00 50.00 -5.00 40.00 10.00
2.00 50.00 55.00 40.00 10.00
3.00 15.00 -5.00 30.00 10.00
3.00 15.00 55.00 30.00 10.00
