1.00 1.00 3.22 7.20 1.08 1.00
1.00 3.00 4.90 3.43 1.08 1.00
1.00 3.00 4.90 5.31 1.08 1.00
1.00 1.00 3.22 1.54 1.08 1.00
1.00 3.00 1.54 3.43 1.08 1.00
1.00 3.00 1.54 5.31 1.08 1.00
1.00 1.00 9.01 7.20 1.08 1.00
1.00 1.00 11.04 7.20 1.08 1.00
1.00 3.00 13.07 3.43 1.08 1.00
1.00 3.00 13.07 5.31 1.08 1.00
1.00 1.00 9.01 1.54 1.08 1.00
1.00 1.00 11.04 1.54 1.08 1.00
1.00 3.00 6.98 3.43 1.08 1.00
1.00 3.00 6.98 5.31 1.08 1.00
1.00 1.00 17.18 7.20 1.08 1.00
1.00 1.00 19.21 7.20 1.08 1.00
1.00 3.00 21.24 3.43 1.08 1.00
1.00 3.00 21.24 5.31 1.08 1.00
1.00 1.00 17.18 1.54 1.08 1.00
1.00 1.00 19.21 1.54 1.08 1.00
1.00 3.00 15.15 3.43 1.08 1.00
1.00 3.00 15.15 5.31 1.08 1.00
1.00 1.00 25.00 7.20 1.08 1.00
1.00 3.00 26.68 3.43 1.08 1.00
1.00 3.00 26.68 5.31 1.08 1.00
1.00 1.00 25.00 1.54 1.08 1.00
1.00 3.00 23.32 3.43 1.08 1.00
1.00 3.00 23.32 5.31 1.08 1.00
1.00 1.00 30.79 7.20 1.08 1.00
1.00 1.00 32.82 7.20 1.08 1.00
1.00 3.00 34.85 3.43 1.08 1.00
1.00 3.00 34.85 5.31 1.08 1.00
1.00 1.00 30.79 1.54 1.08 1.00
1.00 1.00 32.82 1.54 1.08 1.00
1.00 3.00 28.76 3.43 1.08 1.00
1.00 3.00 28.76 5.31 1.08 1.00
1.00 1.00 38.96 7.20 1.08 1.00
1.00 1.00 40.99 7.20 1.08 1.00
1.00 3.00 43.02 3.43 1.08 1.00
1.00 3.00 43.02 5.31 1.08 1.00
1.00 1.00 38.96 1.54 1.08 1.00
1.00 1.00 40.99 1.54 1.08 1.00
1.00 3.00 36.93 3.43 1.08 1.00
1.00 3.00 36.93 5.31 1.08 1.00
1.00 1.00 46.78 7.20 1.08 1.00
1.00 3.00 48.46 3.43 1.08 1.00
1.00 3.00 48.46 5.31 1.08 1.00
1.00 1.00 46.78 1.54 1.08 1.00
1.00 3.00 45.10 3.43 1.08 1.00
1.00 3.00 45.10 5.31 1.08 1.00
1.00 1.00 3.22 14.93 1.08 1.00
1.00 3.00 4.90 11.16 1.08 1.00
1.00 3.00 4.90 13.05 1.08 1.00
1.00 1.00 3.22 9.28 1.08 1.00
1.00 3.00 1.54 11.16 1.08 1.00
1.00 3.00 1.54 13.05 1.08 1.00
1.00 1.00 9.01 14.93 1.08 1.00
1.00 1.00 11.04 14.93 1.08 1.00
1.00 3.00 13.07 11.16 1.08 1.00
1.00 3.00 13.07 13.05 1.08 1.00
1.00 1.00 9.01 9.28 1.08 1.00
1.00 1.00 11.04 9.28 1.08 1.00
1.00 3.00 6.98 11.16 1.08 1.00
1.00 3.00 6.98 13.05 1.08 1.00
1.00 1.00 17.18 14.93 1.08 1.00
1.00 1.00 19.21 14.93 1.08 1.00
1.00 3.00 21.24 11.16 1.08 1.00
1.00 3.00 21.24 13.05 1.08 1.00
1.00 1.00 17.18 9.28 1.08 1.00
1.00 1.00 19.21 9.28 1.08 1.00
1.00 3.00 15.15 11.16 1.08 1.00
1.00 3.00 15.15 13.05 1.08 1.00
1.00 1.00 25.00 14.93 1.08 1.00
1.00 3.00 26.68 11.16 1.08 1.00
1.00 3.00 26.68 13.05 1.08 1.00
1.00 1.00 25.00 9.28 1.08 1.00
1.00 3.00 23.32 11.16 1.08 1.00
1.00 3.00 23.32 13.05 1.08 1.00
1.00 1.00 30.79 14.93 1.08 1.00
1.00 1.00 32.82 14.93 1.08 1.00
1.00 3.00 34.85 11.16 1.08 1.00
1.00 3.00 34.85 13.05 1.08 1.00
1.00 1.00 30.79 9.28 1.08 1.00
1.00 1.00 32.82 9.28 1.08 1.00
1.00 3.00 28.76 11.16 1.08 1.00
1.00 3.00 28.76 13.05 1.08 1.00
1.00 1.00 38.96 14.93 1.08 1.00
1.00 1.00 40.99 14.93 1.08 1.00
1.00 3.00 43.02 11.16 1.08 1.00
1.00 3.00 43.02 13.05 1.08 1.00
1.00 1.00 38.96 9.28 1.08 1.00
1.00 1.00 40.99 9.28 1.08 1.00
1.00 3.00 36.93 11.16 1.08 1.00
1.00 3.00 36.93 13.05 1.08 1.00
1.00 1.00 46.78 14.93 1.08 1.00
1.00 3.00 48.46 11.16 1.08 1.00
1.00 3.00 48.46 13.05 1.08 1.00
1.00 1.00 46.78 9.28 1.08 1.00
1.00 3.00 45.10 11.16 1.08 1.00
1.00 3.00 45.10 13.05 1.08 1.00
1.00 1.00 3.22 20.09 1.08 1.00
1.00 3.00 4.90 18.55 1.08 1.00
1.00 1.00 3.22 17.01 1.08 1.00
1.00 3.00 1.54 18.55 1.08 1.00
1.00 1.00 9.01 20.09 1.08 1.00
1.00 1.00 11.04 20.09 1.08 1.00
1.00 3.00 13.07 18.55 1.08 1.00
1.00 1.00 9.01 17.01 1.08 1.00
1.00 1.00 11.04 17.01 1.08 1.00
1.00 3.00 6.98 18.55 1.08 1.00
1.00 1.00 17.18 20.09 1.08 1.00
1.00 1.00 19.21 20.09 1.08 1.00
1.00 3.00 21.24 18.55 1.08 1.00
1.00 1.00 17.18 17.01 1.08 1.00
1.00 1.00 19.21 17.01 1.08 1.00
1.00 3.00 15.15 18.55 1.08 1.00
1.00 1.00 25.00 20.09 1.08 1.00
1.00 3.00 26.68 18.55 1.08 1.00
1.00 1.00 25.00 17.01 1.08 1.00
1.00 3.00 23.32 18.55 1.08 1.00
1.00 1.00 30.79 20.09 1.08 1.00
1.00 1.00 32.82 20.09 1.08 1.00
1.00 3.00 34.85 18.55 1.08 1.00
1.00 1.00 30.79 17.01 1.08 1.00
1.00 1.00 32.82 17.01 1.08 1.00
1.00 3.00 28.76 18.55 1.08 1.00
1.00 1.00 38.96 20.09 1.08 1.00
1.00 1.00 40.99 20.09 1.08 1.00
1.00 3.00 43.02 18.55 1.08 1.00
1.00 1.00 38.96 17.01 1.08 1.00
1.00 1.00 40.99 17.01 1.08 1.00
1.00 3.00 36.93 18.55 1.08 1.00
1.00 1.00 46.78 20.09 1.08 1.00
1.00 3.00 48.46 18.55 1.08 1.00
1.00 1.00 46.78 17.01 1.08 1.00
1.00 3.00 45.10 18.55 1.08 1.00
1.00 1.00 3.22 27.83 1.08 1.00
1.00 3.00 4.90 24.06 1.08 1.00
1.00 3.00 4.90 25.94 1.08 1.00
1.00 1.00 3.22 22.17 1.08 1.00
1.00 3.00 1.54 24.06 1.08 1.00
1.00 3.00 1.54 25.94 1.08 1.00
1.00 1.00 9.01 27.83 1.08 1.00
1.00 1.00 11.04 27.83 1.08 1.00
1.00 3.00 13.07 24.06 1.08 1.00
1.00 3.00 13.07 25.94 1.08 1.00
1.00 1.00 9.01 22.17 1.08 1.00
1.00 1.00 11.04 22.17 1.08 1.00
1.00 3.00 6.98 24.06 1.08 1.00
1.00 3.00 6.98 25.94 1.08 1.00
1.00 1.00 17.18 27.83 1.08 1.00
1.00 1.00 19.21 27.83 1.08 1.00
1.00 3.00 21.24 24.06 1.08 1.00
1.00 3.00 21.24 25.94 1.08 1.00
1.00 1.00 17.18 22.17 1.08 1.00
1.00 1.00 19.21 22.17 1.08 1.00
1.00 3.00 15.15 24.06 1.08 1.00
1.00 3.00 15.15 25.94 1.08 1.00
1.00 1.00 25.00 27.83 1.08 1.00
1.00 3.00 26.68 24.06 1.08 1.00
1.00 3.00 26.68 25.94 1.08 1.00
1.00 1.00 25.00 22.17 1.08 1.00
1.00 3.00 23.32 24.06 1.08 1.00
1.00 3.00 23.32 25.94 1.08 1.00
1.00 1.00 30.79 27.83 1.08 1.00
1.00 1.00 32.82 27.83 1.08 1.00
1.00 3.00 34.85 24.06 1.08 1.00
1.00 3.00 34.85 25.94 1.08 1.00
1.00 1.00 30.79 22.17 1.08 1.00
1.00 1.00 32.82 22.17 1.08 1.00
1.00 3.00 28.76 24.06 1.08 1.00
1.00 3.00 28.76 25.94 1.08 1.00
1.00 1.00 38.96 27.83 1.08 1.00
1.00 1.00 40.99 27.83 1.08 1.00
1.00 3.00 43.02 24.06 1.08 1.00
1.00 3.00 43.02 25.94 1.08 1.00
1.00 1.00 38.96 22.17 1.08 1.00
1.00 1.00 40.99 22.17 1.08 1.00
1.00 3.00 36.93 24.06 1.08 1.00
1.00 3.00 36.93 25.94 1.08 1.00
1.00 1.00 46.78 27.83 1.08 1.00
1.00 3.00 48.46 24.06 1.08 1.00
1.00 3.00 48.46 25.94 1.08 1.00
1.00 1.00 46.78 22.17 1.08 1.00
1.00 3.00 45.10 24.06 1.08 1.00
1.00 3.00 45.10 25.94 1.08 1.00
1.00 1.00 3.22 32.99 1.08 1.00
1.00 3.00 4.90 31.45 1.08 1.00
1.00 1.00 3.22 29.91 1.08 1.00
1.00 3.00 1.54 31.45 1.08 1.00
1.00 1.00 9.01 32.99 1.08 1.00
1.00 1.00 11.04 32.99 1.08 1.00
1.00 3.00 13.07 31.45 1.08 1.00
1.00 1.00 9.01 29.91 1.08 1.00
1.00 1.00 11.04 29.91 1.08 1.00
1.00 3.00 6.98 31.45 1.08 1.00
1.00 1.00 17.18 32.99 1.08 1.00
1.00 1.00 19.21 32.99 1.08 1.00
1.00 3.00 21.24 31.45 1.08 1.00
1.00 1.00 17.18 29.91 1.08 1.00
1.00 1.00 19.21 29.91 1.08 1.00
1.00 3.00 15.15 31.45 1.08 1.00
1.00 1.00 25.00 32.99 1.08 1.00
1.00 3.00 26.68 31.45 1.08 1.00
1.00 1.00 25.00 29.91 1.08 1.00
1.00 3.00 23.32 31.45 1.08 1.00
1.00 1.00 30.79 32.99 1.08 1.00
1.00 1.00 32.82 32.99 1.08 1.00
1.00 3.00 34.85 31.45 1.08 1.00
1.00 1.00 30.79 29.91 1.08 1.00
1.00 1.00 32.82 29.91 1.08 1.00
1.00 3.00 28.76 31.45 1.08 1.00
1.00 1.00 38.96 32.99 1.08 1.00
1.00 1.00 40.99 32.99 1.08 1.00
1.00 3.00 43.02 31.45 1.08 1.00
1.00 1.00 38.96 29.91 1.08 1.00
1.00 1.00 40.99 29.91 1.08 1.00
1.00 3.00 36.93 31.45 1.08 1.00
1.00 1.00 46.78 32.99 1.08 1.00
1.00 3.00 48.46 31.45 1.08 1.00
1.00 1.00 46.78 29.91 1.08 1.00
1.00 3.00 45.10 31.45 1.08 1.00
1.00 1.00 3.22 38.14 1.08 1.00
1.00 3.00 4.90 36.61 1.08 1.00
1.00 1.00 3.22 35.07 1.08 1.00
1.00 3.00 1.54 36.61 1.08 1.00
1.00 1.00 9.01 38.14 1.08 1.00
1.00 1.00 11.04 38.14 1.08 1.00
1.00 3.00 13.07 36.61 1.08 1.00
1.00 1.00 9.01 35.07 1.08 1.00
1.00 1.00 11.04 35.07 1.08 1.00
1.00 3.00 6.98 36.61 1.08 1.00
1.00 1.00 17.18 38.14 1.08 1.00
1.00 1.00 19.21 38.14 1.08 1.00
1.00 3.00 21.24 36.61 1.08 1.00
1.00 1.00 17.18 35.07 1.08 1.00
1.00 1.00 19.21 35.07 1.08 1.00
1.00 3.00 15.15 36.61 1.08 1.00
1.00 1.00 25.00 38.14 1.08 1.00
1.00 3.00 26.68 36.61 1.08 1.00
1.00 1.00 25.00 35.07 1.08 1.00
1.00 3.00 23.32 36.61 1.08 1.00
1.00 1.00 30.79 38.14 1.08 1.00
1.00 1.00 32.82 38.14 1.08 1.00
1.00 3.00 34.85 36.61 1.08 1.00
1.00 1.00 30.79 35.07 1.08 1.00
1.00 1.00 32.82 35.07 1.08 1.00
1.00 3.00 28.76 36.61 1.08 1.00
1.00 1.00 38.96 38.14 1.08 1.00
1.00 1.00 40.99 38.14 1.08 1.00
1.00 3.00 43.02 36.61 1.08 1.00
1.00 1.00 38.96 35.07 1.08 1.00
1.00 1.00 40.99 35.07 1.08 1.00
1.00 3.00 36.93 36.61 1.08 1.00
1.00 1.00 46.78 38.14 1.08 1.00
1.00 3.00 48.46 36.61 1.08 1.00
1.00 1.00 46.78 35.07 1.08 1.00
1.00 3.00 45.10 36.61 1.08 1.00
1.00 1.00 3.22 43.30 1.08 1.00
1.00 3.00 4.90 41.76 1.08 1.00
1.00 1.00 3.22 40.22 1.08 1.00
1.00 3.00 1.54 41.76 1.08 1.00
1.00 1.00 9.01 43.30 1.08 1.00
1.00 1.00 11.04 43.30 1.08 1.00
1.00 3.00 13.07 41.76 1.08 1.00
1.00 1.00 9.01 40.22 1.08 1.00
1.00 1.00 11.04 40.22 1.08 1.00
1.00 3.00 6.98 41.76 1.08 1.00
1.00 1.00 17.18 43.30 1.08 1.00
1.00 1.00 19.21 43.30 1.08 1.00
1.00 3.00 21.24 41.76 1.08 1.00
1.00 1.00 17.18 40.22 1.08 1.00
1.00 1.00 19.21 40.22 1.08 1.00
1.00 3.00 15.15 41.76 1.08 1.00
1.00 1.00 25.00 43.30 1.08 1.00
1.00 3.00 26.68 41.76 1.08 1.00
1.00 1.00 25.00 40.22 1.08 1.00
1.00 3.00 23.32 41.76 1.08 1.00
1.00 1.00 30.79 43.30 1.08 1.00
1.00 1.00 32.82 43.30 1.08 1.00
1.00 3.00 34.85 41.76 1.08 1.00
1.00 1.00 30.79 40.22 1.08 1.00
1.00 1.00 32.82 40.22 1.08 1.00
1.00 3.00 28.76 41.76 1.08 1.00
1.00 1.00 38.96 43.30 1.08 1.00
1.00 1.00 40.99 43.30 1.08 1.00
1.00 3.00 43.02 41.76 1.08 1.00
1.00 1.00 38.96 40.22 1.08 1.00
1.00 1.00 40.99 40.22 1.08 1.00
1.00 3.00 36.93 41.76 1.08 1.00
1.00 1.00 46.78 43.30 1.08 1.00
1.00 3.00 48.46 41.76 1.08 1.00
1.00 1.00 46.78 40.22 1.08 1.00
1.00 3.00 45.10 41.76 1.08 1.00
1.00 1.00 3.22 48.46 1.08 1.00
1.00 3.00 4.90 46.92 1.08 1.00
1.00 1.00 3.22 45.38 1.08 1.00
1.00 3.00 1.54 46.92 1.08 1.00
1.00 1.00 9.01 48.46 1.08 1.00
1.00 1.00 11.04 48.46 1.08 1.00
1.00 3.00 13.07 46.92 1.08 1.00
1.00 1.00 9.01 45.38 1.08 1.00
1.00 1.00 11.04 45.38 1.08 1.00
1.00 3.00 6.98 46.92 1.08 1.00
1.00 1.00 17.18 48.46 1.08 1.00
1.00 1.00 19.21 48.46 1.08 1.00
1.00 3.00 21.24 46.92 1.08 1.00
1.00 1.00 17.18 45.38 1.08 1.00
1.00 1.00 19.21 45.38 1.08 1.00
1.00 3.00 15.15 46.92 1.08 1.00
1.00 1.00 25.00 48.46 1.08 1.00
1.00 3.00 26.68 46.92 1.08 1.00
1.00 1.00 25.00 45.38 1.08 1.00
1.00 3.00 23.32 46.92 1.08 1.00
1.00 1.00 30.79 48.46 1.08 1.00
1.00 1.00 32.82 48.46 1.08 1.00
1.00 3.00 34.85 46.92 1.08 1.00
1.00 1.00 30.79 45.38 1.08 1.00
1.00 1.00 32.82 45.38 1.08 1.00
1.00 3.00 28.76 46.92 1.08 1.00
1.00 1.00 38.96 48.46 1.08 1.00
1.00 1.00 40.99 48.46 1.08 1.00
1.00 3.00 43.02 46.92 1.08 1.00
1.00 1.00 38.96 45.38 1.08 1.00
1.00 1.00 40.99 45.38 1.08 1.00
1.00 3.00 36.93 46.92 1.08 1.00
1.00 1.00 46.78 48.46 1.08 1.00
1.00 3.00 48.46 46.92 1.08 1.00
1.00 1.00 46.78 45.38 1.08 1.00
1.00 3.00 45.10 46.92 1.08 1.00
2.00 0.00 35.77 -0.54 1.08 1.00
2.00 0.00 37.05 -0.54 1.08 1.00
2.00 0.00 38.32 -0.54 1.08 1.00
2.00 0.00 39.59 -0.54 1.08 1.00
2.00 0.00 40.86 -0.54 1.08 1.00
2.00 0.00 42.14 -0.54 1.08 1.00
2.00 0.00 43.41 -0.54 1.08 1.00
2.00 0.00 44.68 -0.54 1.08 1.00
2.00 0.00 45.95 -0.54 1.08 1.00
2.00 0.00 47.23 -0.54 1.08 1.00
2.00 0.00 35.77 50.54 1.08 1.00
2.00 0.00 37.05 50.54 1.08 1.00
2.00 0.00 38.32 50.54 1.08 1.00
2.00 0.00 39.59 50.54 1.08 1.00
2.00 0.00 40.86 50.54 1.08 1.00
2.00 0.00 42.14 50.54 1.08 1.00
2.00 0.00 43.41 50.54 1.08 1.00
2.00 0.00 44.68 50.54 1.08 1.00
2.00 0.00 45.95 50.54 1.08 1.00
2.00 0.00 47.23 50.54 1.08 1.00
3.00 0.00 17.23 -0.54 1.08 1.00
3.00 0.00 18.95 -0.54 1.08 1.00
3.00 0.00 20.68 -0.54 1.08 1.00
3.00 0.00 22.41 -0.54 1.08 1.00
3.00 0.00 24.14 -0.54 1.08 1.00
3.00 0.00 25.86 -0.54 1.08 1.00
3.00 0.00 27.59 -0.54 1.08 1.00
3.00 0.00 29.32 -0.54 1.08 1.00
3.00 0.00 31.05 -0.54 1.08 1.00
3.00 0.00 32.77 -0.54 1.08 1.00
3.00 0.00 17.23 -2.42 1.08 1.00
3.00 0.00 18.95 -2.42 1.08 1.00
3.00 0.00 20.68 -2.42 1.08 1.00
3.00 0.00 22.41 -2.42 1.08 1.00
3.00 0.00 24.14 -2.42 1.08 1.00
3.00 0.00 25.86 -2.42 1.08 1.00
3.00 0.00 27.59 -2.42 1.08 1.00
3.00 0.00 29.32 -2.42 1.08 1.00
3.00 0.00 31.05 -2.42 1.08 1.00
3.00 0.00 32.77 -2.42 1.08 1.00
3.00 0.00 17.23 -4.30 1.08 1.00
3.00 0.00 18.95 -4.30 1.08 1.00
3.00 0.00 20.68 -4.30 1.08 1.00
3.00 0.00 22.41 -4.30 1.08 1.00
3.00 0.00 24.14 -4.30 1.08 1.00
3.00 0.00 25.86 -4.30 1.08 1.00
3.00 0.00 27.59 -4.30 1.08 1.00
3.00 0.00 29.32 -4.30 1.08 1.00
3.00 0.00 31.05 -4.30 1.08 1.00
3.00 0.00 32.77 -4.30 1.08 1.00
3.00 0.00 17.23 50.54 1.08 1.00
3.00 0.00 18.95 50.54 1.08 1.00
3.00 0.00 20.68 50.54 1.08 1.00
3.00 0.00 22.41 50.54 1.08 1.00
3.00 0.00 24.14 50.54 1.08 1.00
3.00 0.00 25.86 50.54 1.08 1.00
3.00 0.00 27.59 50.54 1.08 1.00
3.00 0.00 29.32 50.54 1.08 1.00
3.00 0.00 31.05 50.54 1.08 1.00
3.00 0.00 32.77 50.54 1.08 1.00
3.00 0.00 17.23 52.42 1.08 1.00
3.00 0.00 18.95 52.42 1.08 1.00
3.00 0.00 20.68 52.42 1.08 1.00
3.00 0.00 22.41 52.42 1.08 1.00
3.00 0.00 24.14 52.42 1.08 1.00
3.00 0.00 25.86 52.42 1.08 1.00
3.00 0.00 27.59 52.42 1.08 1.00
3.00 0.00 29.32 52.42 1.08 1.00
3.00 0.00 31.05 52.42 1.08 1.00
3.00 0.00 32.77 52.42 1.08 1.00
3.00 0.00 17.23 54.30 1.08 1.00
3.00 0.00 18.95 54.30 1.08 1.00
3.00 0.00 20.68 54.30 1.08 1.00
3.00 0.00 22.41 54.30 1.08 1.00
3.00 0.00 24.14 54.30 1.08 1.00
3.00 0.00 25.86 54.30 1.08 1.00
3.00 0.00 27.59 54.30 1.08 1.00
3.00 0.00 29.32 54.30 1.08 1.00
3.00 0.00 31.05 54.30 1.08 1.00
3.00 0.00 32.77 54.30 1.08 1.00
4.00 0.00 2.77 -0.54 1.08 1.00
4.00 0.00 4.05 -0.54 1.08 1.00
4.00 0.00 5.32 -0.54 1.08 1.00
4.00 0.00 6.59 -0.54 1.08 1.00
4.00 0.00 7.86 -0.54 1.08 1.00
4.00 0.00 9.14 -0.54 1.08 1.00
4.00 0.00 10.41 -0.54 1.08 1.00
4.00 0.00 11.68 -0.54 1.08 1.00
4.00 0.00 12.95 -0.54 1.08 1.00
4.00 0.00 14.23 -0.54 1.08 1.00
4.00 0.00 2.77 50.54 1.08 1.00
4.00 0.00 4.05 50.54 1.08 1.00
4.00 0.00 5.32 50.54 1.08 1.00
4.00 0.00 6.59 50.54 1.08 1.00
4.00 0.00 7.86 50.54 1.08 1.00
4.00 0.00 9.14 50.54 1.08 1.00
4.00 0.00 10.41 50.54 1.08 1.00
4.00 0.00 11.68 50.54 1.08 1.00
4.00 0.00 12.95 50.54 1.08 1.00
4.00 0.00 14.23 50.54 1.08 1.00
