0.00 3.22 4.37 4.44 6.74
0.00 10.03 4.37 7.17 6.74
0.00 18.19 4.37 7.17 6.74
0.00 25.00 4.37 4.44 6.74
0.00 31.81 4.37 7.17 6.74
0.00 39.97 4.37 7.17 6.74
0.00 46.78 4.37 4.44 6.74
0.00 3.22 12.11 4.44 6.74
0.00 10.03 12.11 7.17 6.74
0.00 18.19 12.11 7.17 6.74
0.00 25.00 12.11 4.44 6.74
0.00 31.81 12.11 7.17 6.74
0.00 39.97 12.11 7.17 6.74
0.00 46.78 12.11 4.44 6.74
0.00 3.22 18.55 4.44 4.16
0.00 10.03 18.55 7.17 4.16
0.00 18.19 18.55 7.17 4.16
0.00 25.00 18.55 4.44 4.16
0.00 31.81 18.55 7.17 4.16
0.00 39.97 18.55 7.17 4.16
0.00 46.78 18.55 4.44 4.16
0.00 3.22 25.00 4.44 6.74
0.00 10.03 25.00 7.17 6.74
0.00 18.19 25.00 7.17 6.74
0.00 25.00 25.00 4.44 6.74
0.00 31.81 25.00 7.17 6.74
0.00 39.97 25.00 7.17 6.74
0.00 46.78 25.00 4.44 6.74
0.00 3.22 31.45 4.44 4.16
0.00 10.03 31.45 7.17 4.16
0.00 18.19 31.45 7.17 4.16
0.00 25.00 31.45 4.44 4.16
0.00 31.81 31.45 7.17 4.16
0.00 39.97 31.45 7.17 4.16
0.00 46.78 31.45 4.44 4.16
0.00 3.22 36.61 4.44 4.16
0.00 10.03 36.61 7.17 4.16
0.00 18.19 36.61 7.17 4.16
0.00 25.00 36.61 4.44 4.16
0.00 31.81 36.61 7.17 4.16
0.00 39.97 36.61 7.17 4.16
0.00 46.78 36.61 4.44 4.16
0.00 3.22 41.76 4.44 4.16
0.00 10.03 41.76 7.17 4.16
0.00 18.19 41.76 7.17 4.16
0.00 25.00 41.76 4.44 4.16
0.00 31.81 41.76 7.17 4.16
0.00 39.97 41.76 7.17 4.16
0.00 46.78 41.76 4.44 4.16
0.00 3.22 46.92 4.44 4.16
0.00 10.03 46.92 7.17 4.16
0.00 18.19 46.92 7.17 4.16
0.00 25.00 46.92 4.44 4.16
0.00 31.81 46.92 7.17 4.16
0.00 39.97 46.92 7.17 4.16
0.00 46.78 46.92 4.44 4.16
1.00 42.50 -2.50 15.00 5.00
1.00 42.50 52.50 15.00 5.00
2.00 25.00 -2.50 20.00 5.00
2.00 25.00 52.50 20.00 5.00
3.00 7.50 -2.50 15.00 5.00
3.00 7.50 52.50 15.00 5.00
