0.00 30.00 1.00 60.00
0.00 30.00 29.00 60.00
1.00 30.00 6.60 60.00
1.00 30.00 12.20 60.00
1.00 30.00 17.80 60.00
1.00 30.00 23.40 60.00
2.00 1.00 15.00 30.00
2.00 30.00 15.00 30.00
2.00 59.00 15.00 30.00
3.00 11.55 4.05 4.10
3.00 22.09 4.05 4.10
3.00 44.50 4.05 4.10
3.00 15.50 9.40 4.60
3.00 22.75 9.40 4.60
3.00 39.67 9.40 4.60
3.00 49.33 9.40 4.60
3.00 13.89 15.00 4.60
3.00 23.56 15.00 4.60
3.00 37.25 15.00 4.60
3.00 48.12 15.00 4.60
3.00 11.88 20.60 4.60
3.00 19.12 20.60 4.60
3.00 46.57 20.60 4.60
3.00 8.25 25.95 4.10
3.00 22.75 25.95 4.10
3.00 38.29 25.95 4.10
3.00 50.71 25.95 4.10
