1.00 0.00 4.54 5.55 1.10 1.00
1.00 0.00 6.52 5.55 1.10 1.00
1.00 0.00 8.51 5.55 1.10 1.00
1.00 2.00 10.50 4.05 1.10 1.00
1.00 0.00 4.54 2.55 1.10 1.00
1.00 0.00 6.52 2.55 1.10 1.00
1.00 0.00 8.51 2.55 1.10 1.00
1.00 2.00 2.55 4.05 1.10 1.00
1.00 0.00 14.71 5.55 1.10 1.00
1.00 0.00 16.82 5.55 1.10 1.00
1.00 0.00 18.93 5.55 1.10 1.00
1.00 2.00 21.04 4.05 1.10 1.00
1.00 0.00 14.71 2.55 1.10 1.00
1.00 0.00 16.82 2.55 1.10 1.00
1.00 0.00 18.93 2.55 1.10 1.00
1.00 2.00 12.60 4.05 1.10 1.00
1.00 0.00 24.91 5.55 1.10 1.00
1.00 0.00 26.68 5.55 1.10 1.00
1.00 2.00 28.45 4.05 1.10 1.00
1.00 0.00 24.91 2.55 1.10 1.00
1.00 0.00 26.68 2.55 1.10 1.00
1.00 2.00 23.14 4.05 1.10 1.00
1.00 0.00 33.93 5.55 1.10 1.00
1.00 0.00 36.31 5.55 1.10 1.00
1.00 0.00 38.69 5.55 1.10 1.00
1.00 0.00 41.07 5.55 1.10 1.00
1.00 2.00 43.45 4.05 1.10 1.00
1.00 0.00 33.93 2.55 1.10 1.00
1.00 0.00 36.31 2.55 1.10 1.00
1.00 0.00 38.69 2.55 1.10 1.00
1.00 0.00 41.07 2.55 1.10 1.00
1.00 2.00 31.55 4.05 1.10 1.00
1.00 0.00 47.93 5.55 1.10 1.00
1.00 0.00 50.31 5.55 1.10 1.00
1.00 0.00 52.69 5.55 1.10 1.00
1.00 0.00 55.07 5.55 1.10 1.00
1.00 2.00 57.45 4.05 1.10 1.00
1.00 0.00 47.93 2.55 1.10 1.00
1.00 0.00 50.31 2.55 1.10 1.00
1.00 0.00 52.69 2.55 1.10 1.00
1.00 0.00 55.07 2.55 1.10 1.00
1.00 2.00 45.55 4.05 1.10 1.00
1.00 0.00 4.93 11.15 1.10 1.00
1.00 0.00 7.31 11.15 1.10 1.00
1.00 0.00 9.69 11.15 1.10 1.00
1.00 0.00 12.07 11.15 1.10 1.00
1.00 2.00 14.45 9.40 1.10 1.00
1.00 0.00 4.93 7.65 1.10 1.00
1.00 0.00 7.31 7.65 1.10 1.00
1.00 0.00 9.69 7.65 1.10 1.00
1.00 0.00 12.07 7.65 1.10 1.00
1.00 2.00 2.55 9.40 1.10 1.00
1.00 0.00 18.27 11.15 1.10 1.00
1.00 0.00 19.98 11.15 1.10 1.00
1.00 2.00 21.70 9.40 1.10 1.00
1.00 0.00 18.27 7.65 1.10 1.00
1.00 0.00 19.98 7.65 1.10 1.00
1.00 2.00 16.55 9.40 1.10 1.00
1.00 0.00 26.12 11.15 1.10 1.00
1.00 2.00 28.45 9.40 1.10 1.00
1.00 0.00 26.12 7.65 1.10 1.00
1.00 2.00 23.80 9.40 1.10 1.00
1.00 0.00 33.91 11.15 1.10 1.00
1.00 0.00 36.26 11.15 1.10 1.00
1.00 2.00 38.62 9.40 1.10 1.00
1.00 0.00 33.91 7.65 1.10 1.00
1.00 0.00 36.26 7.65 1.10 1.00
1.00 2.00 31.55 9.40 1.10 1.00
1.00 0.00 42.61 11.15 1.10 1.00
1.00 0.00 44.50 11.15 1.10 1.00
1.00 0.00 46.39 11.15 1.10 1.00
1.00 2.00 48.28 9.40 1.10 1.00
1.00 0.00 42.61 7.65 1.10 1.00
1.00 0.00 44.50 7.65 1.10 1.00
1.00 0.00 46.39 7.65 1.10 1.00
1.00 2.00 40.72 9.40 1.10 1.00
1.00 0.00 52.74 11.15 1.10 1.00
1.00 0.00 55.09 11.15 1.10 1.00
1.00 2.00 57.45 9.40 1.10 1.00
1.00 0.00 52.74 7.65 1.10 1.00
1.00 0.00 55.09 7.65 1.10 1.00
1.00 2.00 50.38 9.40 1.10 1.00
1.00 0.00 4.61 16.75 1.10 1.00
1.00 0.00 6.67 16.75 1.10 1.00
1.00 0.00 8.72 16.75 1.10 1.00
1.00 0.00 10.78 16.75 1.10 1.00
1.00 2.00 12.84 15.00 1.10 1.00
1.00 0.00 4.61 13.25 1.10 1.00
1.00 0.00 6.67 13.25 1.10 1.00
1.00 0.00 8.72 13.25 1.10 1.00
1.00 0.00 10.78 13.25 1.10 1.00
1.00 2.00 2.55 15.00 1.10 1.00
1.00 0.00 16.83 16.75 1.10 1.00
1.00 0.00 18.72 16.75 1.10 1.00
1.00 0.00 20.61 16.75 1.10 1.00
1.00 2.00 22.51 15.00 1.10 1.00
1.00 0.00 16.83 13.25 1.10 1.00
1.00 0.00 18.72 13.25 1.10 1.00
1.00 0.00 20.61 13.25 1.10 1.00
1.00 2.00 14.94 15.00 1.10 1.00
1.00 0.00 26.53 16.75 1.10 1.00
1.00 2.00 28.45 15.00 1.10 1.00
1.00 0.00 26.53 13.25 1.10 1.00
1.00 2.00 24.61 15.00 1.10 1.00
1.00 0.00 33.88 16.75 1.10 1.00
1.00 2.00 36.20 15.00 1.10 1.00
1.00 0.00 33.88 13.25 1.10 1.00
1.00 2.00 31.55 15.00 1.10 1.00
1.00 0.00 40.49 16.75 1.10 1.00
1.00 0.00 42.69 16.75 1.10 1.00
1.00 0.00 44.88 16.75 1.10 1.00
1.00 2.00 47.08 15.00 1.10 1.00
1.00 0.00 40.49 13.25 1.10 1.00
1.00 0.00 42.69 13.25 1.10 1.00
1.00 0.00 44.88 13.25 1.10 1.00
1.00 2.00 38.30 15.00 1.10 1.00
1.00 0.00 51.24 16.75 1.10 1.00
1.00 0.00 53.31 16.75 1.10 1.00
1.00 0.00 55.38 16.75 1.10 1.00
1.00 2.00 57.45 15.00 1.10 1.00
1.00 0.00 51.24 13.25 1.10 1.00
1.00 0.00 53.31 13.25 1.10 1.00
1.00 0.00 55.38 13.25 1.10 1.00
1.00 2.00 49.17 15.00 1.10 1.00
1.00 0.00 4.62 22.35 1.10 1.00
1.00 0.00 6.69 22.35 1.10 1.00
1.00 0.00 8.76 22.35 1.10 1.00
1.00 2.00 10.82 20.60 1.10 1.00
1.00 0.00 4.62 18.85 1.10 1.00
1.00 0.00 6.69 18.85 1.10 1.00
1.00 0.00 8.76 18.85 1.10 1.00
1.00 2.00 2.55 20.60 1.10 1.00
1.00 0.00 14.64 22.35 1.10 1.00
1.00 0.00 16.36 22.35 1.10 1.00
1.00 2.00 18.07 20.60 1.10 1.00
1.00 0.00 14.64 18.85 1.10 1.00
1.00 0.00 16.36 18.85 1.10 1.00
1.00 2.00 12.93 20.60 1.10 1.00
1.00 0.00 22.24 22.35 1.10 1.00
1.00 0.00 24.31 22.35 1.10 1.00
1.00 0.00 26.38 22.35 1.10 1.00
1.00 2.00 28.45 20.60 1.10 1.00
1.00 0.00 22.24 18.85 1.10 1.00
1.00 0.00 24.31 18.85 1.10 1.00
1.00 0.00 26.38 18.85 1.10 1.00
1.00 2.00 20.18 20.60 1.10 1.00
1.00 0.00 33.88 22.35 1.10 1.00
1.00 0.00 36.21 22.35 1.10 1.00
1.00 0.00 38.54 22.35 1.10 1.00
1.00 0.00 40.86 22.35 1.10 1.00
1.00 0.00 43.19 22.35 1.10 1.00
1.00 2.00 45.52 20.60 1.10 1.00
1.00 0.00 33.88 18.85 1.10 1.00
1.00 0.00 36.21 18.85 1.10 1.00
1.00 0.00 38.54 18.85 1.10 1.00
1.00 0.00 40.86 18.85 1.10 1.00
1.00 0.00 43.19 18.85 1.10 1.00
1.00 2.00 31.55 20.60 1.10 1.00
1.00 0.00 50.08 22.35 1.10 1.00
1.00 0.00 52.54 22.35 1.10 1.00
1.00 0.00 54.99 22.35 1.10 1.00
1.00 2.00 57.45 20.60 1.10 1.00
1.00 0.00 50.08 18.85 1.10 1.00
1.00 0.00 52.54 18.85 1.10 1.00
1.00 0.00 54.99 18.85 1.10 1.00
1.00 2.00 47.62 20.60 1.10 1.00
1.00 0.00 4.88 27.45 1.10 1.00
1.00 2.00 7.20 25.95 1.10 1.00
1.00 0.00 4.88 24.45 1.10 1.00
1.00 2.00 2.55 25.95 1.10 1.00
1.00 0.00 11.78 27.45 1.10 1.00
1.00 0.00 14.26 27.45 1.10 1.00
1.00 0.00 16.74 27.45 1.10 1.00
1.00 0.00 19.22 27.45 1.10 1.00
1.00 2.00 21.70 25.95 1.10 1.00
1.00 0.00 11.78 24.45 1.10 1.00
1.00 0.00 14.26 24.45 1.10 1.00
1.00 0.00 16.74 24.45 1.10 1.00
1.00 0.00 19.22 24.45 1.10 1.00
1.00 2.00 9.30 25.95 1.10 1.00
1.00 0.00 26.12 27.45 1.10 1.00
1.00 2.00 28.45 25.95 1.10 1.00
1.00 0.00 26.12 24.45 1.10 1.00
1.00 2.00 23.80 25.95 1.10 1.00
1.00 0.00 33.45 27.45 1.10 1.00
1.00 0.00 35.34 27.45 1.10 1.00
1.00 2.00 37.24 25.95 1.10 1.00
1.00 0.00 33.45 24.45 1.10 1.00
1.00 0.00 35.34 24.45 1.10 1.00
1.00 2.00 31.55 25.95 1.10 1.00
1.00 0.00 41.40 27.45 1.10 1.00
1.00 0.00 43.47 27.45 1.10 1.00
1.00 0.00 45.53 27.45 1.10 1.00
1.00 0.00 47.60 27.45 1.10 1.00
1.00 2.00 49.66 25.95 1.10 1.00
1.00 0.00 41.40 24.45 1.10 1.00
1.00 0.00 43.47 24.45 1.10 1.00
1.00 0.00 45.53 24.45 1.10 1.00
1.00 0.00 47.60 24.45 1.10 1.00
1.00 2.00 39.34 25.95 1.10 1.00
1.00 0.00 53.66 27.45 1.10 1.00
1.00 0.00 55.55 27.45 1.10 1.00
1.00 2.00 57.45 25.95 1.10 1.00
1.00 0.00 53.66 24.45 1.10 1.00
1.00 0.00 55.55 24.45 1.10 1.00
1.00 2.00 51.76 25.95 1.10 1.00
2.00 0.00 41.23 -0.55 1.10 1.00
2.00 0.00 42.95 -0.55 1.10 1.00
2.00 0.00 44.68 -0.55 1.10 1.00
2.00 0.00 46.41 -0.55 1.10 1.00
2.00 0.00 48.14 -0.55 1.10 1.00
2.00 0.00 49.86 -0.55 1.10 1.00
2.00 0.00 51.59 -0.55 1.10 1.00
2.00 0.00 53.32 -0.55 1.10 1.00
2.00 0.00 55.05 -0.55 1.10 1.00
2.00 0.00 56.77 -0.55 1.10 1.00
2.00 0.00 41.23 30.55 1.10 1.00
2.00 0.00 42.95 30.55 1.10 1.00
2.00 0.00 44.68 30.55 1.10 1.00
2.00 0.00 46.41 30.55 1.10 1.00
2.00 0.00 48.14 30.55 1.10 1.00
2.00 0.00 49.86 30.55 1.10 1.00
2.00 0.00 51.59 30.55 1.10 1.00
2.00 0.00 53.32 30.55 1.10 1.00
2.00 0.00 55.05 30.55 1.10 1.00
2.00 0.00 56.77 30.55 1.10 1.00
3.00 0.00 21.96 -0.55 1.10 1.00
3.00 0.00 23.42 -0.55 1.10 1.00
3.00 0.00 24.88 -0.55 1.10 1.00
3.00 0.00 26.35 -0.55 1.10 1.00
3.00 0.00 27.81 -0.55 1.10 1.00
3.00 0.00 29.27 -0.55 1.10 1.00
3.00 0.00 30.73 -0.55 1.10 1.00
3.00 0.00 32.19 -0.55 1.10 1.00
3.00 0.00 33.65 -0.55 1.10 1.00
3.00 0.00 35.12 -0.55 1.10 1.00
3.00 0.00 36.58 -0.55 1.10 1.00
3.00 0.00 38.04 -0.55 1.10 1.00
3.00 0.00 21.96 -2.45 1.10 1.00
3.00 0.00 23.42 -2.45 1.10 1.00
3.00 0.00 24.88 -2.45 1.10 1.00
3.00 0.00 26.35 -2.45 1.10 1.00
3.00 0.00 27.81 -2.45 1.10 1.00
3.00 0.00 29.27 -2.45 1.10 1.00
3.00 0.00 30.73 -2.45 1.10 1.00
3.00 0.00 32.19 -2.45 1.10 1.00
3.00 0.00 33.65 -2.45 1.10 1.00
3.00 0.00 35.12 -2.45 1.10 1.00
3.00 0.00 36.58 -2.45 1.10 1.00
3.00 0.00 38.04 -2.45 1.10 1.00
3.00 0.00 21.96 -4.35 1.10 1.00
3.00 0.00 23.42 -4.35 1.10 1.00
3.00 0.00 24.88 -4.35 1.10 1.00
3.00 0.00 26.35 -4.35 1.10 1.00
3.00 0.00 27.81 -4.35 1.10 1.00
3.00 0.00 29.27 -4.35 1.10 1.00
3.00 0.00 30.73 -4.35 1.10 1.00
3.00 0.00 32.19 -4.35 1.10 1.00
3.00 0.00 33.65 -4.35 1.10 1.00
3.00 0.00 35.12 -4.35 1.10 1.00
3.00 0.00 36.58 -4.35 1.10 1.00
3.00 0.00 38.04 -4.35 1.10 1.00
3.00 0.00 21.96 30.55 1.10 1.00
3.00 0.00 23.42 30.55 1.10 1.00
3.00 0.00 24.88 30.55 1.10 1.00
3.00 0.00 26.35 30.55 1.10 1.00
3.00 0.00 27.81 30.55 1.10 1.00
3.00 0.00 29.27 30.55 1.10 1.00
3.00 0.00 30.73 30.55 1.10 1.00
3.00 0.00 32.19 30.55 1.10 1.00
3.00 0.00 33.65 30.55 1.10 1.00
3.00 0.00 35.12 30.55 1.10 1.00
3.00 0.00 36.58 30.55 1.10 1.00
3.00 0.00 38.04 30.55 1.10 1.00
3.00 0.00 21.96 32.45 1.10 1.00
3.00 0.00 23.42 32.45 1.10 1.00
3.00 0.00 24.88 32.45 1.10 1.00
3.00 0.00 26.35 32.45 1.10 1.00
3.00 0.00 27.81 32.45 1.10 1.00
3.00 0.00 29.27 32.45 1.10 1.00
3.00 0.00 30.73 32.45 1.10 1.00
3.00 0.00 32.19 32.45 1.10 1.00
3.00 0.00 33.65 32.45 1.10 1.00
3.00 0.00 35.12 32.45 1.10 1.00
3.00 0.00 36.58 32.45 1.10 1.00
3.00 0.00 38.04 32.45 1.10 1.00
3.00 0.00 21.96 34.35 1.10 1.00
3.00 0.00 23.42 34.35 1.10 1.00
3.00 0.00 24.88 34.35 1.10 1.00
3.00 0.00 26.35 34.35 1.10 1.00
3.00 0.00 27.81 34.35 1.10 1.00
3.00 0.00 29.27 34.35 1.10 1.00
3.00 0.00 30.73 34.35 1.10 1.00
3.00 0.00 32.19 34.35 1.10 1.00
3.00 0.00 33.65 34.35 1.10 1.00
3.00 0.00 35.12 34.35 1.10 1.00
3.00 0.00 36.58 34.35 1.10 1.00
3.00 0.00 38.04 34.35 1.10 1.00
4.00 0.00 3.23 -0.55 1.10 1.00
4.00 0.00 4.95 -0.55 1.10 1.00
4.00 0.00 6.68 -0.55 1.10 1.00
4.00 0.00 8.41 -0.55 1.10 1.00
4.00 0.00 10.14 -0.55 1.10 1.00
4.00 0.00 11.86 -0.55 1.10 1.00
4.00 0.00 13.59 -0.55 1.10 1.00
4.00 0.00 15.32 -0.55 1.10 1.00
4.00 0.00 17.05 -0.55 1.10 1.00
4.00 0.00 18.77 -0.55 1.10 1.00
4.00 0.00 3.23 30.55 1.10 1.00
4.00 0.00 4.95 30.55 1.10 1.00
4.00 0.00 6.68 30.55 1.10 1.00
4.00 0.00 8.41 30.55 1.10 1.00
4.00 0.00 10.14 30.55 1.10 1.00
4.00 0.00 11.86 30.55 1.10 1.00
4.00 0.00 13.59 30.55 1.10 1.00
4.00 0.00 15.32 30.55 1.10 1.00
4.00 0.00 17.05 30.55 1.10 1.00
4.00 0.00 18.77 30.55 1.10 1.00
