0.00 6.52 4.05 9.05 4.10
0.00 16.82 4.05 9.55 4.10
0.00 25.80 4.05 6.41 4.10
0.00 37.50 4.05 13.00 4.10
0.00 51.50 4.05 13.00 4.10
0.00 8.50 9.40 13.00 4.60
0.00 19.12 9.40 6.25 4.60
0.00 26.12 9.40 5.75 4.60
0.00 35.08 9.40 8.17 4.60
0.00 44.50 9.40 8.67 4.60
0.00 53.92 9.40 8.17 4.60
0.00 7.69 15.00 11.39 4.60
0.00 18.72 15.00 8.67 4.60
0.00 26.53 15.00 4.94 4.60
0.00 33.88 15.00 5.75 4.60
0.00 42.69 15.00 9.88 4.60
0.00 53.31 15.00 9.38 4.60
0.00 6.69 20.60 9.38 4.60
0.00 15.50 20.60 6.25 4.60
0.00 24.31 20.60 9.38 4.60
0.00 38.54 20.60 15.07 4.60
0.00 52.54 20.60 10.93 4.60
0.00 4.88 25.95 5.75 4.10
0.00 15.50 25.95 13.50 4.10
0.00 26.12 25.95 5.75 4.10
0.00 34.39 25.95 6.79 4.10
0.00 44.50 25.95 11.43 4.10
0.00 54.61 25.95 6.79 4.10
1.00 50.00 -2.50 20.00 5.00
1.00 50.00 32.50 20.00 5.00
2.00 30.00 -2.50 20.00 5.00
2.00 30.00 32.50 20.00 5.00
3.00 10.00 -2.50 20.00 5.00
3.00 10.00 32.50 20.00 5.00
