1.00 1.00 3.78 4.29 1.08 1.00
1.00 3.00 6.02 2.92 1.08 1.00
1.00 1.00 3.78 1.54 1.08 1.00
1.00 3.00 1.54 2.92 1.08 1.00
1.00 1.00 10.03 4.29 1.08 1.00
1.00 1.00 11.97 4.29 1.08 1.00
1.00 1.00 13.91 4.29 1.08 1.00
1.00 3.00 15.85 2.92 1.08 1.00
1.00 1.00 10.03 1.54 1.08 1.00
1.00 1.00 11.97 1.54 1.08 1.00
1.00 1.00 13.91 1.54 1.08 1.00
1.00 3.00 8.10 2.92 1.08 1.00
1.00 1.00 20.17 4.29 1.08 1.00
1.00 3.00 22.40 2.92 1.08 1.00
1.00 1.00 20.17 1.54 1.08 1.00
1.00 3.00 17.93 2.92 1.08 1.00
1.00 1.00 26.72 4.29 1.08 1.00
1.00 3.00 28.96 2.92 1.08 1.00
1.00 1.00 26.72 1.54 1.08 1.00
1.00 3.00 24.48 2.92 1.08 1.00
1.00 1.00 32.98 4.29 1.08 1.00
1.00 1.00 34.92 4.29 1.08 1.00
1.00 1.00 36.85 4.29 1.08 1.00
1.00 3.00 38.79 2.92 1.08 1.00
1.00 1.00 32.98 1.54 1.08 1.00
1.00 1.00 34.92 1.54 1.08 1.00
1.00 1.00 36.85 1.54 1.08 1.00
1.00 3.00 31.04 2.92 1.08 1.00
1.00 1.00 42.81 4.29 1.08 1.00
1.00 1.00 44.75 4.29 1.08 1.00
1.00 1.00 46.69 4.29 1.08 1.00
1.00 3.00 48.63 2.92 1.08 1.00
1.00 1.00 42.81 1.54 1.08 1.00
1.00 1.00 44.75 1.54 1.08 1.00
1.00 1.00 46.69 1.54 1.08 1.00
1.00 3.00 40.87 2.92 1.08 1.00
1.00 1.00 52.64 4.29 1.08 1.00
1.00 1.00 54.58 4.29 1.08 1.00
1.00 1.00 56.52 4.29 1.08 1.00
1.00 3.00 58.46 2.92 1.08 1.00
1.00 1.00 52.64 1.54 1.08 1.00
1.00 1.00 54.58 1.54 1.08 1.00
1.00 1.00 56.52 1.54 1.08 1.00
1.00 3.00 50.71 2.92 1.08 1.00
1.00 1.00 3.78 11.54 1.08 1.00
1.00 3.00 6.02 8.10 1.08 1.00
1.00 3.00 6.02 9.82 1.08 1.00
1.00 1.00 3.78 6.37 1.08 1.00
1.00 3.00 1.54 8.10 1.08 1.00
1.00 3.00 1.54 9.82 1.08 1.00
1.00 1.00 10.03 11.54 1.08 1.00
1.00 1.00 11.97 11.54 1.08 1.00
1.00 1.00 13.91 11.54 1.08 1.00
1.00 3.00 15.85 8.10 1.08 1.00
1.00 3.00 15.85 9.82 1.08 1.00
1.00 1.00 10.03 6.37 1.08 1.00
1.00 1.00 11.97 6.37 1.08 1.00
1.00 1.00 13.91 6.37 1.08 1.00
1.00 3.00 8.10 8.10 1.08 1.00
1.00 3.00 8.10 9.82 1.08 1.00
1.00 1.00 20.17 11.54 1.08 1.00
1.00 3.00 22.40 8.10 1.08 1.00
1.00 3.00 22.40 9.82 1.08 1.00
1.00 1.00 20.17 6.37 1.08 1.00
1.00 3.00 17.93 8.10 1.08 1.00
1.00 3.00 17.93 9.82 1.08 1.00
1.00 1.00 26.72 11.54 1.08 1.00
1.00 3.00 28.96 8.10 1.08 1.00
1.00 3.00 28.96 9.82 1.08 1.00
1.00 1.00 26.72 6.37 1.08 1.00
1.00 3.00 24.48 8.10 1.08 1.00
1.00 3.00 24.48 9.82 1.08 1.00
1.00 1.00 32.98 11.54 1.08 1.00
1.00 1.00 34.92 11.54 1.08 1.00
1.00 1.00 36.85 11.54 1.08 1.00
1.00 3.00 38.79 8.10 1.08 1.00
1.00 3.00 38.79 9.82 1.08 1.00
1.00 1.00 32.98 6.37 1.08 1.00
1.00 1.00 34.92 6.37 1.08 1.00
1.00 1.00 36.85 6.37 1.08 1.00
1.00 3.00 31.04 8.10 1.08 1.00
1.00 3.00 31.04 9.82 1.08 1.00
1.00 1.00 42.81 11.54 1.08 1.00
1.00 1.00 44.75 11.54 1.08 1.00
1.00 1.00 46.69 11.54 1.08 1.00
1.00 3.00 48.63 8.10 1.08 1.00
1.00 3.00 48.63 9.82 1.08 1.00
1.00 1.00 42.81 6.37 1.08 1.00
1.00 1.00 44.75 6.37 1.08 1.00
1.00 1.00 46.69 6.37 1.08 1.00
1.00 3.00 40.87 8.10 1.08 1.00
1.00 3.00 40.87 9.82 1.08 1.00
1.00 1.00 52.64 11.54 1.08 1.00
1.00 1.00 54.58 11.54 1.08 1.00
1.00 1.00 56.52 11.54 1.08 1.00
1.00 3.00 58.46 8.10 1.08 1.00
1.00 3.00 58.46 9.82 1.08 1.00
1.00 1.00 52.64 6.37 1.08 1.00
1.00 1.00 54.58 6.37 1.08 1.00
1.00 1.00 56.52 6.37 1.08 1.00
1.00 3.00 50.71 8.10 1.08 1.00
1.00 3.00 50.71 9.82 1.08 1.00
1.00 1.00 3.78 16.38 1.08 1.00
1.00 3.00 6.02 15.00 1.08 1.00
1.00 1.00 3.78 13.62 1.08 1.00
1.00 3.00 1.54 15.00 1.08 1.00
1.00 1.00 10.03 16.38 1.08 1.00
1.00 1.00 11.97 16.38 1.08 1.00
1.00 1.00 13.91 16.38 1.08 1.00
1.00 3.00 15.85 15.00 1.08 1.00
1.00 1.00 10.03 13.62 1.08 1.00
1.00 1.00 11.97 13.62 1.08 1.00
1.00 1.00 13.91 13.62 1.08 1.00
1.00 3.00 8.10 15.00 1.08 1.00
1.00 1.00 20.17 16.38 1.08 1.00
1.00 3.00 22.40 15.00 1.08 1.00
1.00 1.00 20.17 13.62 1.08 1.00
1.00 3.00 17.93 15.00 1.08 1.00
1.00 1.00 26.72 16.38 1.08 1.00
1.00 3.00 28.96 15.00 1.08 1.00
1.00 1.00 26.72 13.62 1.08 1.00
1.00 3.00 24.48 15.00 1.08 1.00
1.00 1.00 32.98 16.38 1.08 1.00
1.00 1.00 34.92 16.38 1.08 1.00
1.00 1.00 36.85 16.38 1.08 1.00
1.00 3.00 38.79 15.00 1.08 1.00
1.00 1.00 32.98 13.62 1.08 1.00
1.00 1.00 34.92 13.62 1.08 1.00
1.00 1.00 36.85 13.62 1.08 1.00
1.00 3.00 31.04 15.00 1.08 1.00
1.00 1.00 42.81 16.38 1.08 1.00
1.00 1.00 44.75 16.38 1.08 1.00
1.00 1.00 46.69 16.38 1.08 1.00
1.00 3.00 48.63 15.00 1.08 1.00
1.00 1.00 42.81 13.62 1.08 1.00
1.00 1.00 44.75 13.62 1.08 1.00
1.00 1.00 46.69 13.62 1.08 1.00
1.00 3.00 40.87 15.00 1.08 1.00
1.00 1.00 52.64 16.38 1.08 1.00
1.00 1.00 54.58 16.38 1.08 1.00
1.00 1.00 56.52 16.38 1.08 1.00
1.00 3.00 58.46 15.00 1.08 1.00
1.00 1.00 52.64 13.62 1.08 1.00
1.00 1.00 54.58 13.62 1.08 1.00
1.00 1.00 56.52 13.62 1.08 1.00
1.00 3.00 50.71 15.00 1.08 1.00
1.00 1.00 3.78 23.63 1.08 1.00
1.00 3.00 6.02 20.18 1.08 1.00
1.00 3.00 6.02 21.90 1.08 1.00
1.00 1.00 3.78 18.46 1.08 1.00
1.00 3.00 1.54 20.18 1.08 1.00
1.00 3.00 1.54 21.90 1.08 1.00
1.00 1.00 10.03 23.63 1.08 1.00
1.00 1.00 11.97 23.63 1.08 1.00
1.00 1.00 13.91 23.63 1.08 1.00
1.00 3.00 15.85 20.18 1.08 1.00
1.00 3.00 15.85 21.90 1.08 1.00
1.00 1.00 10.03 18.46 1.08 1.00
1.00 1.00 11.97 18.46 1.08 1.00
1.00 1.00 13.91 18.46 1.08 1.00
1.00 3.00 8.10 20.18 1.08 1.00
1.00 3.00 8.10 21.90 1.08 1.00
1.00 1.00 20.17 23.63 1.08 1.00
1.00 3.00 22.40 20.18 1.08 1.00
1.00 3.00 22.40 21.90 1.08 1.00
1.00 1.00 20.17 18.46 1.08 1.00
1.00 3.00 17.93 20.18 1.08 1.00
1.00 3.00 17.93 21.90 1.08 1.00
1.00 1.00 26.72 23.63 1.08 1.00
1.00 3.00 28.96 20.18 1.08 1.00
1.00 3.00 28.96 21.90 1.08 1.00
1.00 1.00 26.72 18.46 1.08 1.00
1.00 3.00 24.48 20.18 1.08 1.00
1.00 3.00 24.48 21.90 1.08 1.00
1.00 1.00 32.98 23.63 1.08 1.00
1.00 1.00 34.92 23.63 1.08 1.00
1.00 1.00 36.85 23.63 1.08 1.00
1.00 3.00 38.79 20.18 1.08 1.00
1.00 3.00 38.79 21.90 1.08 1.00
1.00 1.00 32.98 18.46 1.08 1.00
1.00 1.00 34.92 18.46 1.08 1.00
1.00 1.00 36.85 18.46 1.08 1.00
1.00 3.00 31.04 20.18 1.08 1.00
1.00 3.00 31.04 21.90 1.08 1.00
1.00 1.00 42.81 23.63 1.08 1.00
1.00 1.00 44.75 23.63 1.08 1.00
1.00 1.00 46.69 23.63 1.08 1.00
1.00 3.00 48.63 20.18 1.08 1.00
1.00 3.00 48.63 21.90 1.08 1.00
1.00 1.00 42.81 18.46 1.08 1.00
1.00 1.00 44.75 18.46 1.08 1.00
1.00 1.00 46.69 18.46 1.08 1.00
1.00 3.00 40.87 20.18 1.08 1.00
1.00 3.00 40.87 21.90 1.08 1.00
1.00 1.00 52.64 23.63 1.08 1.00
1.00 1.00 54.58 23.63 1.08 1.00
1.00 1.00 56.52 23.63 1.08 1.00
1.00 3.00 58.46 20.18 1.08 1.00
1.00 3.00 58.46 21.90 1.08 1.00
1.00 1.00 52.64 18.46 1.08 1.00
1.00 1.00 54.58 18.46 1.08 1.00
1.00 1.00 56.52 18.46 1.08 1.00
1.00 3.00 50.71 20.18 1.08 1.00
1.00 3.00 50.71 21.90 1.08 1.00
1.00 1.00 3.78 28.46 1.08 1.00
1.00 3.00 6.02 27.08 1.08 1.00
1.00 1.00 3.78 25.71 1.08 1.00
1.00 3.00 1.54 27.08 1.08 1.00
1.00 1.00 10.03 28.46 1.08 1.00
1.00 1.00 11.97 28.46 1.08 1.00
1.00 1.00 13.91 28.46 1.08 1.00
1.00 3.00 15.85 27.08 1.08 1.00
1.00 1.00 10.03 25.71 1.08 1.00
1.00 1.00 11.97 25.71 1.08 1.00
1.00 1.00 13.91 25.71 1.08 1.00
1.00 3.00 8.10 27.08 1.08 1.00
1.00 1.00 20.17 28.46 1.08 1.00
1.00 3.00 22.40 27.08 1.08 1.00
1.00 1.00 20.17 25.71 1.08 1.00
1.00 3.00 17.93 27.08 1.08 1.00
1.00 1.00 26.72 28.46 1.08 1.00
1.00 3.00 28.96 27.08 1.08 1.00
1.00 1.00 26.72 25.71 1.08 1.00
1.00 3.00 24.48 27.08 1.08 1.00
1.00 1.00 32.98 28.46 1.08 1.00
1.00 1.00 34.92 28.46 1.08 1.00
1.00 1.00 36.85 28.46 1.08 1.00
1.00 3.00 38.79 27.08 1.08 1.00
1.00 1.00 32.98 25.71 1.08 1.00
1.00 1.00 34.92 25.71 1.08 1.00
1.00 1.00 36.85 25.71 1.08 1.00
1.00 3.00 31.04 27.08 1.08 1.00
1.00 1.00 42.81 28.46 1.08 1.00
1.00 1.00 44.75 28.46 1.08 1.00
1.00 1.00 46.69 28.46 1.08 1.00
1.00 3.00 48.63 27.08 1.08 1.00
1.00 1.00 42.81 25.71 1.08 1.00
1.00 1.00 44.75 25.71 1.08 1.00
1.00 1.00 46.69 25.71 1.08 1.00
1.00 3.00 40.87 27.08 1.08 1.00
1.00 1.00 52.64 28.46 1.08 1.00
1.00 1.00 54.58 28.46 1.08 1.00
1.00 1.00 56.52 28.46 1.08 1.00
1.00 3.00 58.46 27.08 1.08 1.00
1.00 1.00 52.64 25.71 1.08 1.00
1.00 1.00 54.58 25.71 1.08 1.00
1.00 1.00 56.52 25.71 1.08 1.00
1.00 3.00 50.71 27.08 1.08 1.00
2.00 0.00 41.23 -0.54 1.08 1.00
2.00 0.00 42.95 -0.54 1.08 1.00
2.00 0.00 44.68 -0.54 1.08 1.00
2.00 0.00 46.41 -0.54 1.08 1.00
2.00 0.00 48.14 -0.54 1.08 1.00
2.00 0.00 49.86 -0.54 1.08 1.00
2.00 0.00 51.59 -0.54 1.08 1.00
2.00 0.00 53.32 -0.54 1.08 1.00
2.00 0.00 55.05 -0.54 1.08 1.00
2.00 0.00 56.77 -0.54 1.08 1.00
2.00 0.00 41.23 30.54 1.08 1.00
2.00 0.00 42.95 30.54 1.08 1.00
2.00 0.00 44.68 30.54 1.08 1.00
2.00 0.00 46.41 30.54 1.08 1.00
2.00 0.00 48.14 30.54 1.08 1.00
2.00 0.00 49.86 30.54 1.08 1.00
2.00 0.00 51.59 30.54 1.08 1.00
2.00 0.00 53.32 30.54 1.08 1.00
2.00 0.00 55.05 30.54 1.08 1.00
2.00 0.00 56.77 30.54 1.08 1.00
3.00 0.00 22.23 -0.54 1.08 1.00
3.00 0.00 23.95 -0.54 1.08 1.00
3.00 0.00 25.68 -0.54 1.08 1.00
3.00 0.00 27.41 -0.54 1.08 1.00
3.00 0.00 29.14 -0.54 1.08 1.00
3.00 0.00 30.86 -0.54 1.08 1.00
3.00 0.00 32.59 -0.54 1.08 1.00
3.00 0.00 34.32 -0.54 1.08 1.00
3.00 0.00 36.05 -0.54 1.08 1.00
3.00 0.00 37.77 -0.54 1.08 1.00
3.00 0.00 22.23 -2.42 1.08 1.00
3.00 0.00 23.95 -2.42 1.08 1.00
3.00 0.00 25.68 -2.42 1.08 1.00
3.00 0.00 27.41 -2.42 1.08 1.00
3.00 0.00 29.14 -2.42 1.08 1.00
3.00 0.00 30.86 -2.42 1.08 1.00
3.00 0.00 32.59 -2.42 1.08 1.00
3.00 0.00 34.32 -2.42 1.08 1.00
3.00 0.00 36.05 -2.42 1.08 1.00
3.00 0.00 37.77 -2.42 1.08 1.00
3.00 0.00 22.23 -4.30 1.08 1.00
3.00 0.00 23.95 -4.30 1.08 1.00
3.00 0.00 25.68 -4.30 1.08 1.00
3.00 0.00 27.41 -4.30 1.08 1.00
3.00 0.00 29.14 -4.30 1.08 1.00
3.00 0.00 30.86 -4.30 1.08 1.00
3.00 0.00 32.59 -4.30 1.08 1.00
3.00 0.00 34.32 -4.30 1.08 1.00
3.00 0.00 36.05 -4.30 1.08 1.00
3.00 0.00 37.77 -4.30 1.08 1.00
3.00 0.00 22.23 30.54 1.08 1.00
3.00 0.00 23.95 30.54 1.08 1.00
3.00 0.00 25.68 30.54 1.08 1.00
3.00 0.00 27.41 30.54 1.08 1.00
3.00 0.00 29.14 30.54 1.08 1.00
3.00 0.00 30.86 30.54 1.08 1.00
3.00 0.00 32.59 30.54 1.08 1.00
3.00 0.00 34.32 30.54 1.08 1.00
3.00 0.00 36.05 30.54 1.08 1.00
3.00 0.00 37.77 30.54 1.08 1.00
3.00 0.00 22.23 32.42 1.08 1.00
3.00 0.00 23.95 32.42 1.08 1.00
3.00 0.00 25.68 32.42 1.08 1.00
3.00 0.00 27.41 32.42 1.08 1.00
3.00 0.00 29.14 32.42 1.08 1.00
3.00 0.00 30.86 32.42 1.08 1.00
3.00 0.00 32.59 32.42 1.08 1.00
3.00 0.00 34.32 32.42 1.08 1.00
3.00 0.00 36.05 32.42 1.08 1.00
3.00 0.00 37.77 32.42 1.08 1.00
3.00 0.00 22.23 34.30 1.08 1.00
3.00 0.00 23.95 34.30 1.08 1.00
3.00 0.00 25.68 34.30 1.08 1.00
3.00 0.00 27.41 34.30 1.08 1.00
3.00 0.00 29.14 34.30 1.08 1.00
3.00 0.00 30.86 34.30 1.08 1.00
3.00 0.00 32.59 34.30 1.08 1.00
3.00 0.00 34.32 34.30 1.08 1.00
3.00 0.00 36.05 34.30 1.08 1.00
3.00 0.00 37.77 34.30 1.08 1.00
4.00 0.00 3.23 -0.54 1.08 1.00
4.00 0.00 4.95 -0.54 1.08 1.00
4.00 0.00 6.68 -0.54 1.08 1.00
4.00 0.00 8.41 -0.54 1.08 1.00
4.00 0.00 10.14 -0.54 1.08 1.00
4.00 0.00 11.86 -0.54 1.08 1.00
4.00 0.00 13.59 -0.54 1.08 1.00
4.00 0.00 15.32 -0.54 1.08 1.00
4.00 0.00 17.05 -0.54 1.08 1.00
4.00 0.00 18.77 -0.54 1.08 1.00
4.00 0.00 3.23 30.54 1.08 1.00
4.00 0.00 4.95 30.54 1.08 1.00
4.00 0.00 6.68 30.54 1.08 1.00
4.00 0.00 8.41 30.54 1.08 1.00
4.00 0.00 10.14 30.54 1.08 1.00
4.00 0.00 11.86 30.54 1.08 1.00
4.00 0.00 13.59 30.54 1.08 1.00
4.00 0.00 15.32 30.54 1.08 1.00
4.00 0.00 17.05 30.54 1.08 1.00
4.00 0.00 18.77 30.54 1.08 1.00
