175 193
218 178
32 197
128 33
166 211
28 37
170 57
246 17
111 47
129 1
65 41
12 192
142 157
155 135
230 79
144 149
208 90
217 26
134 264
257 191
234 108
213 45
109 158
132 182
0 169
232 154
204 150
222 186
198 18
49 13
126 15
100 46
55 27
152 101
171 4
143 21
97 31
221 93
119 262
260 25
219 161
179 174
117 241
183 99
22 104
116 67
19 176
189 72
61 73
167 228
207 185
51 86
235 120
226 78
188 6
243 53
105 146
64 156
69 248
254 236
240 209
164 220
50 122
223 60
5 130
85 238
225 181
80 145
38 138
196 88
84 202
151 199
62 245
121 2
39 82
139 153
124 224
212 75
172 258
250 125
59 77
229 70
54 227
34 11
215 216
10 106
76 210
140 52
147 92
123 168
133 205
148 194
103 195
136 40
114 118
23 56
214 48
115 20
66 263
265 14
94 113
87 159
96 112
95 30
3 91
83 107
239 8
29 98
63 190
180 237
131 68
24 89
9 162
201 231
43 58
81 16
7 165
74 36
141 259
253 184
