0.00 3.78 2.92 5.56 3.83
0.00 11.97 2.92 8.83 3.83
0.00 20.17 2.92 5.56 3.83
0.00 26.72 2.92 5.56 3.83
0.00 34.92 2.92 8.83 3.83
0.00 44.75 2.92 8.83 3.83
0.00 54.58 2.92 8.83 3.83
0.00 3.78 8.96 5.56 6.25
0.00 11.97 8.96 8.83 6.25
0.00 20.17 8.96 5.56 6.25
0.00 26.72 8.96 5.56 6.25
0.00 34.92 8.96 8.83 6.25
0.00 44.75 8.96 8.83 6.25
0.00 54.58 8.96 8.83 6.25
0.00 3.78 15.00 5.56 3.83
0.00 11.97 15.00 8.83 3.83
0.00 20.17 15.00 5.56 3.83
0.00 26.72 15.00 5.56 3.83
0.00 34.92 15.00 8.83 3.83
0.00 44.75 15.00 8.83 3.83
0.00 54.58 15.00 8.83 3.83
0.00 3.78 21.04 5.56 6.25
0.00 11.97 21.04 8.83 6.25
0.00 20.17 21.04 5.56 6.25
0.00 26.72 21.04 5.56 6.25
0.00 34.92 21.04 8.83 6.25
0.00 44.75 21.04 8.83 6.25
0.00 54.58 21.04 8.83 6.25
0.00 3.78 27.08 5.56 3.83
0.00 11.97 27.08 8.83 3.83
0.00 20.17 27.08 5.56 3.83
0.00 26.72 27.08 5.56 3.83
0.00 34.92 27.08 8.83 3.83
0.00 44.75 27.08 8.83 3.83
0.00 54.58 27.08 8.83 3.83
1.00 50.00 -2.50 20.00 5.00
1.00 50.00 32.50 20.00 5.00
2.00 30.00 -2.50 20.00 5.00
2.00 30.00 32.50 20.00 5.00
3.00 10.00 -2.50 20.00 5.00
3.00 10.00 32.50 20.00 5.00
